11 ⁸50⁰· , 86166 Ι· -89799 Ι ’89977 l 89497 1 89977

mm

·1 9777777779 7779797977 7769477777 7776799777 7797787777 mom?
*² 747744, 766744 677644 677944 777444 777744

79 777794 779799 ,779779 7477699 ’977769779946967 · ⁸
·4 894797 976896 ε94969677876774967804898886 198096
·91778669477997799777774 77777777791 789779 766779 869888Ὶ

·6 774776 747776 799776 777976 ,477776 749776
·7 1794487 477879 467779 774687 698989· 777479
’8 764674 777774 677774 697474 777974· 777674 .
’9 - 774767 778767 897767 866861 949967 77779777671
ro 974977 978967 9779777788996977797977797718 774977 .

m·- ⁸

77117777977947 7474999747 7777747447 797947 797747 796947
71 747774 769784 777974 777784 467774 · 767774
71. 477779 479979 474779 749779 677779 777779
74 777476 679776 799777 779876 794679 99947
y5 722235 788679 879679 897679 9796797999987679 ,
’6 9777761 979976 9967767779967779 7799746776· 777776
«7 7798799979 7799777979 7777766779 797779 977979 477979
»7 766974 79768· 777784 497774 488484 ’794984
7 476747 467947 797747 777647 679447 767747
71 676477 697477 678477 744477 ² 897477 996477

71
7

61 946774 977774 7779779974 7999879777 ,878874 ’ 878784 ⁸ 7 ’
7779776889777 747489 799979 Ι776689 747779 449779, ᾗ ⁴
ἕ 787796 979896 967696 477496 . 974796 677796 ’

477777 474777 7777771 798777 ”687777 797777

m m·-

777796 6747961 797796 768996 876796· 977997 . -
7 797949 774969 777769 9797697797977769 7777774769 ,
7· 967744 997744 7774947744 7797779744 7977447 305744 λ
79 77477979777797769777 779977 787977 969777 496977
,ο 978777 996777 984777 497777 947777 648777 ’

unum-mmmmm

71 478781 796487 774687 677987· 777977 779777 .
»7 .. 6474649 676864 777764· 797664 887764 · 799464“
·7 777947· · 847749 797849 96444977999779497746767649
94 999996 7798777696 7778766496 77977 99796 774796 997896
99 77477997791 ·7887741 777779 9767791 999779 “994979

m

99 979776 998476 497676 476876 966976 , 679776 ·
97 499499 778899 777779 647699 777999 746499
,g 669674 699774 748894 888474 978774 7977777674
899877 869677 979467 986777 7977779777 78887;

776767) sffiffWWmmmnm ,·

22·ss

 

