mmmmss

41 ῌΓΜΉ &nstv “mmm μμωυ mmmm unuh
{4² 4wff4- 7ww4 44η 4ww4 Snw4

44 444449 440449 449449 464049 846649 Ὶ404449
44 -444444 444944 444446 444446 ’440446 449446
{45 688066 887046 646044 499009 8940091 099009

mm*

4611 9909ι6 890440 469946 ,908946 867746 016946
471 964809 8644091 184609 906009 884409 060809
144 5467044 446404 494904 5555044 4951044 44440·

771 989604. 889404 009004 949004 908809 088604

604900 900900 0009001 960900 ’900900 30250
’ 51'1 ό68406 91560⁸⁸-*⁸⁸JJ4ffEs*-q*⁸JJEEEJ”⁸'''}}EJET”'”““}TZJJJ

52. 66840 948704 ²49104 688604 8499041 330304¹
53'. 644409 944409 464409 604009 964609 444409
54 694416 994946 079746 616946· 977946 498446
,99 667009 968009, 0890091 690009. 994009 9709091

, ’649946 944446 404446Ι mm

690449. 994449 . 444649- 644049. 044449 499449 ,
404464 44004464 444964 640464 044464 44446
748684 0004841 342281. 684085 049884 407684Ι e
·794600 099600 999600 697600 099600 «’ 944600

*pa-etam

nummu-um·-
744521 046704ι 968904 · 744404 079904 ¹ 455541
Μ 944444 049444 440044 444644 044044 46944 ·
, ,440469 044969 494469 444469 400469 Ι444469 ‚
744496 044090 404496 444696 444496 49449
796009 099009 400049 769409 4080091 944009

809446 444446 4444461 444446 444946 44444
- 644088 666489 448889 786689 444689 74908
49 ’444044 444644 464444 404444 469444 444004
99 847964 494764 479964 849964 489464 966964
ῚΟΗ 860900 164900 488900 890000 “ ·

878844 478044 900044 846994Ὓ 210645 594841
868884 889984 864884 60878

648949 874449 448448

74 944676 ,047476 940476 884076 094876
78 866644 090609 999604 9006041 069609Ἠ ι “

461 9444461 44644ἵᾝ6 974476 449176 717476
,1 11181 888 888 84841 8801 04141
;49 944444 094444 609044 , 944444 440644 406444

801 990400 “ 0964001 600400 9680001 9949001 700900 ‚
ὙΜΨ· *mm-*m

701-886784 494484
’78 899729 2043 29

. 1

 

