ι’4

l

’81876908 „rycgffloo'l ,37900— 488448 481448
1 . 84 4444844484444444448414444484811444448484 4481484481 1444418481
· , ’· 981114 ,4791141484044814 611114 ,188714 8611
,, 814448448489· 1444019 111689 798189 814889 94141
1488 4141418 848848 1444418 414148 4418481441814148
4 444444 4448444 444444· 888444 = 484444 44444
448 444448 «4114481 441448 448148 444448 148441

84 184484 144484 4144841444814184 144414 4444444

, 88 888844 981944 ’899844 888144. 844444 444444
4884111411444441 448441 , 484444 444444 · 444444

4481481 084100 “ ’6411808 448144 848144 448488 8

111111 111111 ’ 481844 848844 4841448
144848 ’,418418 444148 ’ 444848 ,444444 4444414
44 , 414444 48444441448841444 844444 444444 1

¹ ⁴9⁶ 988416 887616 18818 848818 · 444418 444448
97 8481068809- 1618809 181684 744884 48148944444484848
188 114184 111184 141484 -141444 444184 444444
9

. 88. 686864 ²³5²⁶⁴ 4444841444484484

’· 9¹²¹4⁶0¹ 7⁶44⁰¹ 184101 444441 444844 484844

’,ὓ-18199 x ³⁸3⁰⁶·l 114111 Ι 41444 QQQ Ν
ἷ81489849910146689900981474860000 1484448848 4444488484 4444844444 4

· 4

»418481 466881 648841 444444 4444844484 484411Ἰ
4411141484144184 414884 484884 -- 114484 144184
g 1 469109 · 119809 ’ 799409 48144 141884 4111194
444818 Ι148418 , 884448.. 448848 .= 488848 444616

. 844844 ’444444 444444 844444 448844,1448841818

W

’ 8496861474818848 444448· 444448 144488,
’ 844844 414844 488444 111111

174464 888484 444884 444481

. 141481 444411 844811 418811
8181881484444444 4444444 484444

484441 , 444441 884444 411111

44 411444 144444 111444 811

441484 141184 484414 841111

484448 481448 844448 4111481141841441 41111
4884441488844444 444444 118444 141111

 

