464646

44 467446
4 = 446666
6461 476466

47 494009
,6 467464
9 440004
40 464400

γ“““““’4ῌ-υι-ιι

44 690009
,44 644446
22„ 674064

647446

740049

· 446464

764044

“ - ’747600

Ι4

474666
64

900444

” 440444
64 4946 44
646, 444469

467 444004
,46 6644647

444648444

669649
646996

7666644

766746
744466

777604Ι

769606
444400

4444041
467904
490609
966466
946044

646746
666446

449004464

046446
049600

074944
094044
467766

440496
469444

munau-*1¹⁸⁸*

6 944746

444446

946666
664646
944064
494040946·
094609
046704
079604
404400

444404
-644404
474409
494446

449494644

640649
469996
667069

940446

744606
446464

479406
404400

4446047

444764
474406
464666

494444444

449449
446746
606044

649946
644609
674904

Η 44400 Ι 44900 Ι 44400 Ι 44400 Ι 44600 44700
41 446960044 490496444
677.. 944464 640964 9499647 447764 496464 47446

699404..
744400

744466 ,

7⁶9104
746409
444766

667069 966069 849069

649946
· 464449

669764“

304644

994600..

400969
449496
446444

469446

4444667
477444

97 944646 464646 496069

4 967444

494444

444044

9 ’666466 644666 447666
70 667044900 676900 460900

aab* ...u-...no

777 644446
. 097964
040449

,74. Ι604076
’74 , 444644

5327555'3‘

7 670769
76 499444
79 444444

0 494400

5

466444
444669
467476

499644
466666

464470

, 446666 'L

444444
446666
ῳμω

944446
606764
649749
, 644676
674644

694476
766469
744464

767444
90400

444496
464644
467664
640444
699600

64 749
676644
704969
746096
6749669

776496
ΝἏΜ
414644
444764
464900

444044
944444
944469

447446
·940644

694004776

046949
mou
079444
096400

464996
444649

664664.

§1³785508

6940
9669
94906
964 46

994009
644014404
099004
0644·ρ

946004
409404
444009

446446
440064

9944,44 .“
644666 ’

*un-¹¹¹¹·-

674666 ’

496004444

664466

644496
074444

444444
46κ64
444900

444444

6444467
444449

235584 .

696969

444476 ’.
04664 ..

466676
946469
474664

699046
444400

744464
astus

 

