'mh-..hou-

11 86871818618671187161886111887818681811111157811111111171ἷ181111 ·

η ,60400 60800..ὴὲ 00 Ι 607111) Ι ww!

’88 188188 188888 416481 171119

781681 . 816111
⁸4 ·3¹4²5⁶ 111186, 817811 684616

11 1848171114 178714 808114 4818111 6178181 864386 1.
Ι 8814181719848176

18 4811181 811111 111111 11111111131111171111

5¹8⁶} 816186 668816Ι 786816 8177161717184111 ’191111
587 ⁶77¹⁶9 784569 911969 8698078368 226769''4t4169
88 718144 818744 8688188744 181844 148114 118144
Ὶις 91111118871118811 , 184711 811111. 471311 818811, ,
[911811141111 148181 1781118 4141111 592190 7811011,

[91η 181181 1891817 897481 848881 713111 W?
,91 181184 191484 418884 887184 8148841 1718174184 -
18 411141 111648 641148 788841 887411 11111
’14 814186 681886 7611161 1111111118179118 181811 =
11 8411141 7841118 881111 ,1818111111 111111 791111

181 788118 8711181884114418 118818 ,111818 1111ιῖ
97 817111 886118 111111 178118 444618 684118
111111111141611117114 117111 811114 861111 716111
99 111181 ,118811 188811 ,118111 818111 878811·

ο 1711181811 1788111111 1748111111 8787681111 8761861111 1781181111

111111ι 487411, 8118178778181811 mom
2 141114 414411 614114 111114 111114 486811
, 166118 876611 817118 8781117811 818418· 618818
411118 811111 118816 111116 ,481111 711111

=5 610025 111118746181118 888118 871111 868111Ὶ

1 7³203⁶ 141116 174411 ’418611 111118 11181
²7 114148 8784168448 186818 141148 119141 8711111111
3 97⁶0⁶4 117664 418161 671164 141164 184164
’1 8711111181 8111881 841881 7884818778181181 817181·
,ο 111111 411111 884111 818111 1111818. 1811111

118141111 884111 788118781111711 111811561811
‚2 4⁶4144 871114 111144 161114 ·481744 716114
11 186168 7187681741111861 188868 886861 141168
14 111111 111116 181711 111181 ,611116 87111·

88 8102251735043225 ²7⁶2²5 529125 ’808818 ,871419111 '‚
16 Wm5m98656' 6816861 968686”11811

17 8768674689 nmo 811188 7744898771147889 141111
11, 111811 418814 118811 117111 mm 441111 ·
19 ,118881 111181 7811811788188781 mm m .-
ιο 4411111 611411 ,1111187 111111 1111187 711418

118

 

