97766 97966 97469 977961 994777 7 Q
97 9679466967 9697797767 977667776779797777767 9774797747 9777994747
66 079764 766964 ,866366 97677 9999949974 9774797974
97 676679 9766 9777669799 9796769669 776499 99779
64 9679040676 96967674 · 794796 997696 477676 97461
67 7777771 796777 967777 ’497779 979779 79477

..m-*m

96 477796. 497996 776796 697996 976794 97779
77, 977749 479769 767769 9747699776667969977774976
¹ 99, 967944’ 976744 .- 9767449797667744 799744 9469
1 99 , 997977 9999967977 9768749777 796977 994777 99797
2 1 99 9969794766 7767601. 9467661 446796, 976799 77477

1
1 97 ,974667 447997 777697 949777 797477 97977
f 96 606664 063004 766064 ,696464 966864977679771
1 · 99 ,9 97964997996776499797799749 79967
ι’ ’ 94 94046097006777669766764696, 777676· 947696 49697
9 «9 9697777677 466677 7976771 464671 - 799677 6176

97 618609 667009 677009 7 ,766499 999999 99779699
96 708804 776404 666004 9776949799797794 79696
99 Λ9990706 909607 9660069001 9799768997 J 796697 44949

ann*-

· '95800 96900 969991 967999-96-999 Ι 96999

9 9777646999 979667999979776999999 9799779699 9794449977 9779696661
7 997697 9797997967 797997 497797 ·677497 91719
79779977764 799664 9946 794464 974664 9774679771
. 9 774609 967409 996669 966669 9777677769 76761
g ·4 ·496476 977776 769976 976676 · 799696· 41791

9 , 996979 769979 969979 9796777979 -ww

6 769696 9699969777999996 967796 994496 1476
., 7 997749 9799777649 944649 977446 7969499779966
· 69779777664 944464 -776664ι -747664 979764 7960
9 964467 796777 777677 9797979796777977· 4797

60 6607001· 776796 ,9997969777797799 964799 676777

’77 747777 979977 9779999979 974979 996979 1610(
77 9997449799777744 964744Ι 776744· 7469449900οΨ
γ79 9766776969 7677699 496769 779769 947769 7760
74 977796 1497796 666796 966996 9777779766 9776

77 7747771· 6677771 9667779797999779, 976779 77976

,96 7991996 9799999979977796 799497 979999 977111
77 697499 9766676779 764769· 477669 - 777669 6060
76 9967999774 767794 496974 669994
79 666767 494767 649767 947747 9799799947 949777

76 ι477466 646466· 946466 9779694477 777467 74776

96977497997766

 

