.’ 87494 87999, 8700 87700 87800 ’ 87999 f

17649496999 766699879917684494999 774939399917799999199177379 37399
1· 6994447667993844 6666447799968644 739944 393444·
7969691, 679969 9939691 944669 966969 ·499969
7 996696 494696 996996 969696 9999999496 669696,
7699996999 699999 7689999999 699999 ,998999 849999

*- *u-—D-—n ···—···-m—-n-a—uh-nnnunn

11 966496 964996 967996 9767961 43 4467734017156
476699 999469 966969 9969646669 669669 699669

6999947668994694 679994 999894 789464 869064.

7 899969 399769,· 833969 397364 369969. 944969,
6999999991 9449497686998999 97999977999369991 799994

ἯΫΓἩΜ6 9.·6646 99664Ι

. 886784
., 868768
749676

699664 999994 969964 499994 7999696964
669696969 994969 99-64699969 664669 9949969
668496 996676 679696 999976 494676
Ι 878669 686669 999699 499699 7799699699· 694699

7639999976 ·888718617687989976 696976Γ 999376 776976
’. 225829 730927 ²5⁶3²9 808724· 7⁶7129 952829
..444484 946984 43· 9684;, 9779841 949884 7744998484

.. 878446 767668664616ο7ο49ζ7749999849··798649 394449 1 .
Μ696466 799494 969466 694466 496466

’· 3939697793474969 696369 .
649964 996966,
499689 7749οο8984
944696·
773999 ,366943 .

9699966, 8445'484I 9969961 949996
ζ 979169 4669697699669969· 997969 4664969 766669
9694696644 699744 6999441·.796944· 966944 994944
399999 8···ζ·39999 364749ζ· 998999 4763997749964999
¹. 34494676794688941 .-·’93694 ,7767984999 6·99994 94499
‘um-ffl-
8750817 185271 7184817 999689 8978893 ’,496988 “
.. 996664 999464· 9969641· 499664 9769669664 ’896
7699669649 999649 7696666649 666649 679449·- 76

1· 999436 798836· 937636 786496 mm·² ·94468
3794931 884099· 4936993 969999Ἰ 939699774399944

1 9999967673499996· 988496 7743937696 766896 ,49699
769669 694469 969669 999669 966669 496666
1 ,347³ 469664· 4342047 49 6648776669464 ⁶484n4³ ⁴

7696979449 984899 649994649 66 tc. 934999 864968 .

 

