ι· ..ιω . Νύμφις).

m

ΙΙ 9520g·⁸⁶5'¹25fi}55²¹5¹¹33133···5·'33333''5'··'33333·5···35500

77 9647964949 9467999949 9666699949 97063874·4159726101641 9749699649
99 969964 999664 699964 964464 996664 9746999964
99 7977991 499999 9667966999 769999 496999 999799
94 994976 699976 999776 976976 699976 496976
,9 469699 9797979699. 699699 699699

96 947976 9666990766 677476 979676 9777697976 977774
97 949999 996999 674999.. 9 69799 969999 9747777779
9 799964 999964 9666977794 766764 497994 777994
9 996449 999649 966949 969649 679649 477447
:05 9649999999 766999 464999 9769767977 976977 677977

..ιιι-..ιο

979969 969969 669769 667969 9796974969 977967

999694 9669969994 999694 999994 979494 9749777974
799969 976999 9669999499 799999 469699 777799
999796 979996 999996 949996 669996 499796
996 50115225 ⁷⁷²225 .....-......4.4..-.............⁹²²⁵ 9799946999· 969777 677777

969996 646696Ι 949996 9799969496 797696

966969 9679969969 846069 640669 667769 996169
7749449 797744 9699999944 797444 499944 9749999644.
9015215 ’996999 996799. 994999 699999 390521‘
396999976994 799699 433500

5155 694969 999969 5304815 996669 9749546ἶξῖ”““’Μ 785081
49

43

·. 4999649679946964 697964 999764 944464 997744

697949 949649 9699994949 799649 4494499777799944
44 999996 949996 999996 999996 699946, 977996 4
45 9699669999 799999 .49606669766667066 856025 575025' Ι

4⁶ 776996 999796 694996 99499697999999961 772516
47 476009 9676666406 661609 666609 660609 979999
48 969994 9999949699906704 ⁷08304 497994 9799967994

999699 2056015 999499 699997

495 866001
799999 499999 49799999999 977700

50d9655962500 3⁶5001

969999

ψψρ--η-σ-ῑ-υκ

, 259901 999999 599401‚²99⁶0155582019801·750601
¹,94555059375115504 796994 4967045 997994 997994 ·
6777797 312 79 9532095 699609 494499 9799999999 .

54 646996 999996 969319011658909165 699796 352516

'5559654945025 796999 987066 976ψ6066096·μ

496949 9674999449 ’797949 469949 999649 9‘45049
6949664 996964 977764 679964 4979649777747764
8310815.4928819654174581 676469 996969 340051

699600 9796999794979699 7779779 777700

mm*

57
58

9

5‘55'W 999796 969996 96999619799996996 747776

9699997699

 

9760666600 649699 5876001 .

999999 .

