···Γ mov-·- Γ 44444Γ 444444 444444 ·· 444447· ’44444

44 4444444744 ,4444444444 ,444444444464444444444 4444444444 4444444444
= 4’4 444444 444444 444444 444444 444444 444444
44 444444 4444444444 444444 444444 4444444444 744444
’4, 444444 ,444494 444444 444444 ,446444 44447
·5 594225 ²¹7²‚²5· 8⁶0225! 949449, '206225'190922

⁶4· 449444Ι· 444444 444444 444444 44444 444444
44 444444 444444 ,4444444444 444444 444444 4444674444
68 6946448 ''476244 449644 769444 967644 476647
89 9496764, 964964 4446964 676464 9994964, 497764
70 44855024900¹ 648900 494966 996966 696966 344440

7·.1 444694 799444Ι 979944 ι4446496441·7476·44““”’”7,9474
⁷² 8974648 444664 444964 449464 814784 44449
44, 4444448 444444 444444 444444 444444 444444
74, 444444 444444 444444 444444 4444744 444744
5 455645 ’4669666644 749649 994649 44900756254 744649

76 944776 466976 9.-44476 477676 464976 667778
44 444444 444444, 444444 444444 4444444 , 444444
:78 744644Ι 9996648 969444, 696664· 649464 8994444884
4⁷⁹². 666444 446644 4676674444, ,· , 449944 749444
66, 666466 944466 .

64 974964 994764 , 244944· 44464

44 4444444444 4444444 444444 444444; ’ ·. 8

44 ww& vu& μωκ.,66·ωψω, .-.

τ’,44 444444Ι . 4 · 8

,86,’ 687946, 944449 9944494 4967491 ...949469 86448

*Μ

64 4444444444444444 444444. 44444484444444444 744498
¹!47 47699697 4469697Ι 769969 · , τ’, 646444
4 4444449 444444, 444444 ‘ ·

.6,9 6644944, 44697448 997944, , ,·

9677 794466 97644646796744669 ’
“···-*W—

9ιΙ 4444441 444444, 444444 4444447 4⁶704‘,1 47498
,44 444444 4444447 444444ἰ 4444444 484488
,444 4444444444 444444, 444444 4444448 4444448 444888
,943094813637221446437043418850342364 746696, 648888
17'4024 44444468 447444 · 8
4“-''**¹—-*-—-*·*—
,96 4 mmm 694946Ι 949646Ι
97ῑ 66 4184«99 969669 Ι 6964698

Ι96 4976699666667764 746669 9669644994676664

4“99 5²3⁸0¹ 4446544 6974648 4794647 46946648 974641

 

