 

.
ιυυινιῦ ,
4

ΙΙ4

mmo

11
44
43
44
43

46

4364493434 4369996634

:tzQ 6....
.. 444446. 944946

338649 4846699649

4348494384 4886793084 4399994484 4349949434

444444 964644 949644
ζὲῗζίξ 4847649996 668996.

664946 464446 634946 446946 779746

48 ,8436704 336304

49
96

3

94
94
33
34

33

96

37
93

44

Γ

64
·3
64
64
66

67
68

64
70

*a*

333

96Η

99
94
79
46 Ι

4369644444

744364646696
· 449649

7 747309 um]

966669 966669. 869469
836904 396304 936604 3307

949664 449464 999464 499664 4894369364 646664

4364664966 96496

639464 987664
494464 694964
637609 737309
944446 844946
449649 948649

944996 4844649496

946444 693444
634964 449964
966634 463434
,344666 944666

939366 ” 438721

466969 663969

494496 694696
27 64441 999444

964496 364996
446649 949449
994644 4344694644
649964 449964
966966 464966

4349944966 964966 444966 ··964966

m

469364 643664 663464 933464

444464 944464 444464 49446
694469 449669 499669 966464
969946 964946 Ι469946 4849646446
449649 996699 994649 494644
9949964444679996 646946 . 44994
649649 ·
964964
796484

966944 '⁵ 649944

944644 4346646444 4 . 944444

49141969

44 496 944696 444496 964496 ·

464444 644444 *43314433 994444

-1———1—-0—

449946 946946 494946 4446699496
494664 4449646464 499669 449649
993444 464344 669444· ²4 490²

649964 439964 994464 994964
943966 494966 396966 4²0900

‚mm—mm

396964 493464
933769 460369
343476
696649

446496 944996
464449 664444
936484 886684
464444 994444

9111848441 496644

444444 444444 944644 996444
694444 4449644344666434 494944

944449 449444 694449 694949 “
4344696496 649696 499496 964696

499649· 966699 469649 396649

tum—ana·-

446996 936496 994996

366369 876769 437669 6849644949
444644 939434 444344 ,
449644 4336646444 664644 494444

99646614349696466 934466’ nummo 436466 ,

 

