96966 8 96996 l...- 96466 Ι 96966 Ι 96666 8 96766

ffl—-G- ann-'w

9Η689646999Ι 694969999 766984999 769486799 796868999 7946999999
699644 999644 997444 999644 969944 964644
749969 699667769 996969 999969 999969 998969
79,7696 6664968 949996 646696 969996 999696

. ⁸mam-‘'nmozwl 999999, 99··6999 699999 7996999991 969999
” 8 969796 969996 449996 799996 679996 499796

999999 . 998689 969699 869489 998999 479989
6906967664. 676464 777664 878664 986664 ,767664
666969 994969 667969 999769 999969 979969
¹¹2900 976966 666966 964966 998966 699964

. Ἢ969449 499649 799849 766698649 949949 696449
‘ 72 997994 499994 766764 679994 999994 799964
976999 999999 699799 964999 446999 799999

999676 987976 679676. 977476 999976 947676

979699 646699 999699 996699 999699 ⁹⁰⁰.....⁶...²5

· 498976 989776 668976 994976
486799 746999 769999999· 996999 999999 797667799
999984 796684 799684 669984

·- 999849 999649 997449 449947 ,799649 ιι494ι
698466 964466 9964961 496466 899466 968466

, · ,696969 997969 949769 949969Ἣ 979769 999969
· 749994 696669994 996964 669794 9999949 999994
· 796669 669689 649689 699899 989499 999689
848696 999496· 469996 769696 799699896
806667 668667 ,477667 769999 689999

999696
496999

ς ’996996 966996 699996 949996 469796
· 97 47696969 979769 969964 999969 999964 949969
99 996944 996944 694944 999744 949944 996944

69 999969 879969 667999 974999 969799 496999

96 964966 499966 796966 7497699766 999766 764766

991 969964 997664 866664 994464 469864 69996
99 999949 999449 679649 967649 996949 964949
’ 94 974496 ,649996 999696 946996 969696 999496

99 497699 ’696699 969699 9946991 6996991 979699

ᾗ [HM-m* ’9748896 769698696 947996 676496 7996998947 ζ
9Ἱὶ ”md 601009 096009 400448 769809 979068
,;99 99486 894464 944664 499664 789964 999964
9

{9 697469 ’967969 997669 ...966869 896669 996469

 

