ι

1 104001 914101 944401 194601 864801 19911
1 101004 011404 1111041104 499104 91
1 111009 111009 111109 009109 114001 10 ··
4 416016 8161161 191616 101416 119116 11011

910019 911019 161019 ·111019 1

,0 110400000011144100001714140000 1111190000 114114000]11101

1 111004 141114 19114 ,111114 94141449
¹2 ww& 147881 ’119611 111411. 101111 ·

m

11 144111 996111 911911 4401 911911 419111

¹² ·. ’ 141144- 0001441111091944 14114411410111 1101

11 111109 104109 191109 049109 mxx! ‘15¹2
1

7 10οῇ 119449 9101491110011149 491041

491100 114100 119100 ’8011001 9111

k 45⁶¹9⁶ 868999 101196 714196 117196 1101
11 100111 911111 400111 119111 111111 1111

Ι10 0041101710011410 110010 --901-110 411010 91011
Ἰ,17 768189 181689 619019 1111061419 941119199101918
18 871114 181914 719914 111114 646114 140114
;19 910101 190101 111901 1111οι 1111οι 141101

,11111110400 494400 911 111400 110400 1104
²¹ 114441 11109111111011141 411041 901141 411441

11 188484 1 7011 111114 991614 066014 1604,
2³ 191119 101119 141119 0901191141110919 66011
410110 111110 · 140110 101911 275776‘ 710er

6006191111019119 4906191909119 110619 111411

’ 710970 ’119110 1119101111111110 · 411410 11116
101119 114119 019119 114919 Ι190119 1119011111
· 111114 111114 ·101914 111114 091114 190114

691767016841 411641 868441 114141 110041 19414

' . ’ 110100 911900 411900 9049011011

04101 1111011101 111101 11490091οι1 10116 6

. 741114 181814 611114 114014 61111

149011 110119 141119 111111 ‘ ·

911910 9011. 141110 114991, .

11 ,,641,1191111091119 . 9119 9913119 419149 941111

QWWW
46111

1

1 149909 111119 ,114114 111919 111919 19114
-91 zm· 1111 ...4111 . 141144· 14 ·
191108091911 419111 911111 110911·. 848111 x 14016

161600 9196001119011600 419600 ,991600

1

 

