46 664864- γ47686 . 386364 648764 668664 3868666864..
,43 8733648 886648· 476648 368848 887448 6666485
44 - 886836 766336 ; 888636· 487836 466736 348836 ,,
461 -87-66681-Μ6681 · 768689 Q 986689 469689ι
4⁶l35100²385¹⁶¹ 847786, 886986 786886· 649986 984986
4676683866666468 -848868 348869 789869 7646698 .

48 3868486686 3888384681383363648813848636686 3887648888 1 , ,

368864 6886643834664764 864364 883864 .863864··
444001 ³03801 88366899466894989998669888 9430012¹
5⁶2500 466866 302500 8689861 88896619978668966

*mm-...tun-

948868 488488 988668 “ 8488681- 866668
86 ’788864 688864 846364 446764 366664 366864·Ι
83 868668 778668 688668 888863

9419988696986 -897986 778886 678986 7999786 946986 ·
’ςς141799689199896866891 897689 798689 789689 66
98 ,673836 6347363838668836 ,867636 7838336 77888
87 ,386648 683448 634848 3847636648 ·. 887648 ³ 888648
8118866864 376664 683764 68836438886768643876668864
59 ¹⁶29081 496888 978688 · 874488 896888 878688

8 747666 669666 498666 998666-989666 897666Ι ¹

...ι-8*

881 866888 788888 686938 9887886 484988 77788ιῖ
88 ,884644 847644 768444 ’636844 884644· 486644.
83 3866863668 ,868768 848368 786868. 6738681 66666
64 6666863864684486 867686 876686 786886 73868 s

2032253536086225 989889 988889 899889.

ΓΜ...- --....--.-.................

488786 366886 668686 384866838838666368861 9747481..
87 877688 446688 364688 667488 6868899978694339,
688864 8884641 443664 346664 Δ676664 ·
884968 678668 968968 468768 889868
70 9989661 796966, 686986 984966 888966, “

,αι-Ι· *nauh-*m

76 3863686446 8686461 789848 764648 88444,
76 6688843868634384 868784 889884 747994
73 688868 ’6836688837637768 846368 8

74 467676
78 868668

...n-..una-

644676 8683761 384876 688776 664876
766768 668668 863868 ,468868 ·
881284 746884 636484 8386848- 463684 846988 -
⁷9 999848 868646 ...786446 ,687646 883646 987848
80351'351184001 984466 876466 77646 7684661 648466

878876 8966769949668476

QQ5'35⁶¹10502513573050625 Ξ , x

*Qu-1 ¹

. ., ,ιι-..4, 1

 

