44 - 444764 464464 ,864404 666464· 444464, 647764

49 x 377849 446444 . . 444644 644644 476644ι 676844

. 449946 664746.ν . 667446 666446· 464646 764446
4444491 664644 466664 644664 4466641 747664 ·

„manno-...p- mutar—*W* -ι-ι--ιιυι-ῃτ--κο

4611 474446 694446 944446 494746· 476946 77644
471 466469, 744669 ⁸ 964669, 444469 464869 864469
441 · 448464 · 747464 447464 647464 446764 846444γ
49 476464 · 796464 694646064 , 489864 , 469664 A 869464
664466 844466- 667466 444466 6644661 964466

””“’“””” 1 044006“”””ἶῖἶῖἶῖ1 ’ 6444661 ἷῖἷῑῖἷ ,

ζῖ“1“ἷξῖξἶξῖἷῖ””ἳῖδῖἶῖᾗῖ1’ἶῖῑῖἧ6684 1 47466468ἷ

644664 · 844866
666764 , 887404 ¹27504' . 387904 668464 ’968764
764469 474664869

’44 1 646664 Ι4444641 666664 466664
44 746446 . 446766 646466 - 444446 744446 444944
1 764644 · 984644 444644 , 486644 767644 · ,

461. 794446 464646876 687836 868746 799946 464446

471 867644 . 2 646644 646644 444444 ·846844 644644 =
58 859364 , 0809⁶4 399894 Ἰ 884464 864764 467964 .
49 4 896488· ¹¹328¹ 388084 646884 898684 466484

⁶0 . 9496661 444666 - 487666 649666 944666 444666 ·

4

6 955721 47794 446444 684444Ἰ 964444 ’ 466744 ’ .
· 847844 466644 446644 744644 447444 644844
4 448449969 646464 464664 747764 674646464 444969
· 94494 674646 467646 766446 664646 466646 ζ
444444 467464 446664 664664 646664 444664

1
64
4
64
⁶5 mmmm—m—
4611 446446 44444 484746 444446 664646 444946 ’
478 444444 474864 ·644644 474649 444449 474799

441 444644 464664 647664 4664641 644644 4 494444 ,

Ἰ691 444766 486866 680866 944464 447964 531761 · ι. ,
1949 444946 468966 766966 ’ 676666 · 464944 464666

. *ww-*upum* ⁴¹-

7Ῐ1“””6775441 80664ι 7484461468609644 494844· 994497.

761
74

644484 446784 · 674484

944949 464464 660464 674664 444764 664474

’ 474476 446676 644076 667876 446676 49 474

6466441 878644 4466441 4446441 746644

75 · 464644 ...,.‚,„„...‚-.-..„q........ ---„.....„..

..M
7⁶! 444776 6449761 406676 674476 44647( 764746 .
77! 469947 644464 440764 606664 446464 746464 ·
991 · 464644 767684 474684 648884 464484 846684
491 444646 766646 664664646 674644 447444 4444441

80ss 466466 794466 0 648466 4644661 9964401 'ss 99449441μ

4644841 886894 777984

 

