’ 77 676 ι W

8 m· ..u-*mm

799767 779467 679667 - 69867 646667 646767
748464 768864 9664 686664 696464
, 777669 768769 748869 779469 776669 746669

2

. 0 484766666 ’488696666 4976466776 496676666Μ 466666666 46467666
3³

386084 287088 238025 809084 , 200025 ,211025

ἶν’-’98686 {ETW 677686 748846 24333'6'5 747746
76 8(474447ι 767749 777747 777649 776649 797449
, 474664 464764 746864 478464 476664 447664

477787 444687 496487 468787 466687 477887

796( 447766 *ἕψῃ-41146766 468766 466766, 477766·

876876 747676 798476 769776 766676 776776

77 777777 777777 477777 4479774 446777 444467 ¹

43 ⁶⁶9⁷⁶9 ⁶02369 774967 7777 7 777769 777767
74 767996 647796 774796 767796 767776 777776

77 646444 467944 878844 467744 480744 496844
74 748774 687774 644774 66777641 ὅ

76 6

77 ww 760049¹ 774489· 686889
. 78 668964 , 799864 788664 766764

79 964767 888967 747767 766467

76 944466 878466 847466 8664764 866466

,mmm—*q qum-a...- ¹

'fs-983⁶41 9778471 876046 646647 840446 884647
, :39452234431 947784 977684 886684 886484 894844

54 ¹0¹37⁶ 776777 777777 777779 779779 987649 —

789676776 777776 767776 766776 777776

6 677777γ ·· ’

778 7476771 677677 878676677 777677677 467766677 464674679 · ’

ΜΜ-*ῃηῇῇ-

76 779876 774676 676776 644478 040676 055876
²⁷ ²¹4¹24 774777 767979 677779 040729 099,2‚
66 688884 793984 749884 774794
69 69764Ι 688447 789747 764647
80 8 6900 676900 778966 ,764966

maun-w·- 4,-

766847 776647
7669661 776966

468774 784674 787674

847889 864489 877688
787776 764776 467746

92 414424 777774
77 474687 797767
749 477776 476776

¹ ωσι-4441 476777 42722ffl5 407668

*nm- 478774

777476 7776767 466876 444976 ⁴⁴¹²⁹2⁴ ’ἷῖέῖόἳ ,
677777 749767 776767 477769 47776 497769·
677944 777644 746744 777844 977444

777474
777687
777776

31 47676ιὶ 47746ιὶ 768467 “ww

539044

¹²07 4 1363844v '

696477 6678777 484977 868767 767477 479477.

7796664 667666 7674666 664666 697474
...μ-...ιω-

νημαι-κω

 

