¹ ΙΙ 994441’944441 996441 949441 99400 9 99900

, ⁶¹ 9892490521 9912392721 9996844984 9994497444 9974949994 9994406966Ι ’

x 44 449444 494844 444444 446644 444444 444444·
64 888969 N 794969 749949 Ι 696469 648769 604969,
64 9494949496 994496 944496 γ444696 444444 404494
64 4444491994-99-4-9944 4944444444 9944449934 9999499999 9999004449

amm—nh

Γῖῐῖἶῖἴ 448446 444446 4449469 mm* 444446

69 644449 449449 444449 444489 ,449649

’68 888444 786644 740994 694844 647494
69 9894444964. 984964 949444 494464 449444 900944 ,
70 , 293939999Μο 9934608900 9999353930 9974046944 9994000906

m mm

949 4994449 444444 448444 4444449 444494 4400994

464049 “
604094

94 ⁴ ' 694944 944444 449444 444944 444944 400999
941 899949 944449 946449 644449 646449 400900·
9449494496696 984496 ‚ow-6,- 444496 844494 400494
746 4946446996648068498864956449948394-69499-9999996499999000699 “

mann-mm&- ...a Ι

96Ι 494496» 49999ιι 444496 444496

996, 694449 4949491 Ι44449 449944 444449 400949
94 494444 998484 444644 6494846 644444 400444
79 9896074444 977994 909044 849844 · 844644 800444·
1 40 47040019946476400 999640999019996048400 9976044400 9996000400

nunna—W*-

84 469964 878964 904764 447964 944464 900964
44 664444 494944 44444 449444 444944 400904
44 447449 994449 944449 649049 449449 400449 ,
44 9899466446 994446 894846 646646 844446 400494
· 49 44944414949494444 9949499444 9949446444 999944 §.²22 9099000099

ιιι-ωι-

90 ,444494 494496 496446 444996 444996 400494
49 664464 494464 449964 444464 444949 ..4 400449
44 444444 969944 699444 644944 444944 400499
,99 9994064444 968944 896744 844944 844944 900999
,0 460400 9948468400 999409640019998044400 9978044400 9999000900

*σε

...η-Ἣ

94 449444 469444 494444 444644 444444 400044
94 648464 466464 494864 444444 444449

94 449449 964649 694449 644449, 444949 900049
94 9899446446 964846 894646 844446 444444 400094 ·
94 444444 9944464444 449494444 994944444414999444444 4499444449 .

*ιιι-μαι...-

9⁶ 4540¹⁶ 969446 994446 444646 940846 400046

99 644449 464449 444444 444449 444649 440000
99 994004 764604 694404 640844 690404 400004
99 9966044004 964844 890604 ,840404 840404 800004

 

