. , “’ *W

. ·-7 64464

·’11 meet 467961 796961791961796491 79744

44 mom-3581 4776497464 777449967717777947664 4779676967 7747744414
42 4766464 474464. 477764. 994744. 974744 79774
· 4 774644 447444 444744 ,474444 4446644644 47464

44 446446 644446 444446 444746· 444446 44444
· 4 444644 744644 444644 ’44444 476674444464444

· 6 7999977746 799976 7997461 499776Ι 746446
· 7 969469 666699 66676 ’467669 747999ζ
46· 4674644 446764 746464 464444 444464

, 9 “ 644694 7777974694 674497 644797, 464997,

79 777799 7977991 997799 777799 767799

74 499797 4694971 9496941 699697 644997

· 477464 446464 4444444676 674464· «7444645
444499 446764 446464. 447464 744464
679976 444746 7449467777977779 674774 77774

55
»4 ς

774977 497977 797977 7449771 977977 646444

,46 747746 4644461 4744461 4444464444444446· 74474,
· 77 466444 647444 ·444444, 476644 1120455 474
47 ΙΙ·444464 744764 447464 446464 446464 44444744
691119011916,’601614 664464 477764 769967ι 779664
·0 999699 664,··699 ,’647699 797699 7476 s 799696

, «1477444 444444 7647441 4444441 4741971999.

1 ²5 5044 1 61 666 7444 5⁸3⁹⁸44 6614144. 6116644. ῑ11011
641 696769 1116119 ’91796911 7464691 969469 141711
4 479496 797796 99⁶09⁶'

1 646696 667696
. ;·1 ’ 466777 777777 7776974777

897777·

964491
749777 ’647747

474446 444746 164471

44644411 Ι4.·44444444 647444 764114

427085·
666674 7777741 9776744 67 ·

’66 7744711 797974
⁶5 799467 466961 6646767 7797647747974947.· 9444671

’179 ’676999 669999

·.6 4644461 444444 444446
1 497·;.ι.....·.6···,..,....9·1.7..··,9... 4

4 44449174444,
’,7474497774

79 446449 .
,74 7474711911

› 1 444476 4444761 446776 744476 664776 ·
; ², · , 20652515550119252' 667944 667749 777,74;
· lt 44744144 4644447. ..646674 444644 7677441, 1
· ”’ ἱ ,”1994041 839647 797647
·’ ¹4⁶ '400 ¹53 674466 94149919 .·

 

