Ι 91600 Ι 91700 Ι 91800 Ι v91900 Ι 91000 Ι ’91160

 

 

 

 

 

 

 

 

 

 

 

 

 

 

 

 

 

 

 

 

 

 

 

 

    

 

 

 

 

 

 

 

0 8390960000 8408890000 8417140000 844ς610000 84640000οό 8481410000
1 743101 8409073401 413601 793801 184001 594101
a 0 916404 196804 607104 977604 368004 778404
3 ,91169609 440109 790809 446161409 ςς1009 961609
4ΙΙ 191816 613616 974416 349116 ,736016 8413146816
ςΙΙ 476οις 807039 84181ς8019 919014· 91001ς ’ ῃιοις
6 ·699116 990416 141696 711816 8469104016 919136
7 841449 8410173849 911149 896649 188049 6991449
⁸ 8³9²⁰²5⁶⁶4 357264 708864 8447080464 471064 883464
ι9 108881 ς40681 891481 164181 ’ 6ς6081 8484067881
39-1100 -71410018419076100 448100 840100 191100
*sn—³²1 -907521 259721 ⁶³¹⁹²¹ 8466024112! 43⁶3ss
r 75⁸5& 8411090944 443344 8¹57« · 208144 ⁶²05ss
941769 174369 616969 999169 391169 , 804969
14 8393114996 497796 810996 1448111339 ,376196 988996
,¹5ss 3n8235 ⁶⁴12²5 994225 3⁶7²25 760117 8485173225
16 Δ 4914961 814696 8430177896 991096 944196 397496
17 · 674689 8411068089 961489 714819 8467111189 941689
¹³ 897914 191914 > 545124 918724 311914 711914
19 8394041161 374961 718761 8449101961 496361 910161
‘zu-um· 5584001 911400 186400 610400 84869944οο
ἸΞΞΙ;,4117641,741841 8431096041 470141 864441 .- 178641
ν 990884 911184 179684 694084 8468048484 461884
, 774119 8413108719 Α 461319 837919 111119 647119
9ς7376 l 191176 646976 8450011776 416976 841376
8595140625 475625 ⁸³0⁶²5 ιος6ις 600614 8487019619
ΙΞ6 699076Ι843313876Ι1014176 784676 199876
ς1107119 841919 197919 968719 914119
690184Ι 8414019984 981984 4 8469191784 968384
871641 109441-565141 ,336841 7ς1641
083960-16900. 391900 ’ 7489001 910966 936906
μΙ 140161 576161 ⁹3²5⁶¹ · 308761 7049618488111161
413414 799814 8433116114 491614 “ 889014 305424
⁶0⁶⁶8=7 943289 199889 676489 8470073089 489689
789916 8419116796 483996 860396 197196 673996
—973125 ν 3¹0²²5 ⁶67u518452044225. 441225 858125
Ιὶ568Ἥ97156496 493696 899896 619196 8489ο4ἷ96
37 339769 677169 8414034969 809369 426769
138 5²30⁴⁴ 860644 · 118144 993444Δ 411044
39 706111 8416044111,“ 401911 11177511 ”nu
40¹ 889600 1176001* 989600 » 961600 779600

 

 

ld-u———ffl

