ΙΙ , 44800 1 44900 Ι 49000 1 49000 1 49000 ’

m 1

0090090000
08000οξ
070009

0 ¹ 009000 099800 090000 000000 090400
0 ²¹9204 089004 080004 090404 000804
· “ 9 908809 079409 070009 080609 900009 900809ἶ
4 998400 9090009 900000 970800 400000 49040471

400000 460000 400000 000000

mmm-*¹- *ιι-..κιαι-

0 0007040000 000600000090009000000 0094000000’0049040000

5 488025 459025

007049 000040. 6-00040 640440· 670849 704040
8999899

6
“ 8 7908441 708004 700064 700664 760064
8 046480 808080 800080 800880 899080

00 9960001 908000 9000001.. 900000· 944000 990000

naun-*¹*

009 0008009700 997900 Ι’”9’9000010099000900 0044094900 7099086700

7 077606 048006 046006 0000061 9004909 077090

00 009944 00070877 44 0000080044 090844 064944 008048
09 004909 077909 070009 080769 009 909 06 7968
04 094996 067990 000090 070990 909790

, ¹5! 0040001 0070001 000000 06000οΙ 096000
,- 061 470000 447006 440006 400406 400606
-- 8
09 740700 700900 · 700900 704000 797900
00 ’8904001 800400 800400 804400 848400 900400

, 900040 890040 890440 904040 998840 888646

00 0009000084 980084 980484 994884 7049009084 0094088684
κ 09 000909 0008079909 0007070909 0096089009 009709
Ι 04 090970 069770 060970 079970 000070·
09 080609 0990091090009 069009 900000·

070076 040476 WWW

0406761. 000070 090076 44666
409000 400000 400709 446000 480000 006900
040084 000004 000784 006084 070004 60064
09 099040 009040 600840 600040· 000440 708646·
90 7089001 704900 700900 700900 790900 808866

90 808900 794700 ,790900 807000 840060 899000

, 00 ’900004 084604 080004 097404 900004 00604
’ 33w 097009 974400 070000 907609004600400000006066
94 00000879900009004990 0008000090 0097077990 004790 07001

98 077009 094009 090009

. ' 96 000890 044090 040090 098496 099090 990886
“ ·· 07. 006060 000069 000060 000769 006069 440060
00 446044 400044 400444 409644 476644 004040
99 · 999900 909700 900900 909900 907000 004900

- 401 609600 609000· 600000 009000 697000 709

008009 ’009009 060000

 

