Η 84466 Ι ”““888888“7“-8“886888·“7’““887766““7“““”878ᾗῆἶ”7““”“ἶῗζῖἷ“Η

ἷι ’6649979447 μ6644679447 6667987647 6678944847 6694676647 677764 6447
44 444684 896484 6694746884 484484 899684 474684
23 704929 999529 314129 ⁶48729 66970813329 377929
44 867776 6646764476. 766976 , 447776
44 6696696644 944644 646644 s Δ9746447 996644 764644

16 W053763⁶⁶75135079 494476 769476

477376 81217

47 746749 671749 967149 764449 ⁶57929 6744677749
47 419174 714774 666417677 464974 744774 197174
24 684647 977847 499647 649447 984447 967644
967 844966 66474469667 446966 794966 6696748966 444966

*menda—muham.-

947 6697667767 9699677 920161· 956361 974464 688767
94 776644 46764 789444 6686749844 476444 844644
77 ’477479 , 6766191 946679 477479 6778796717616479
74 496746 79717666641119946 446746 711747 6 174746
94 64944 9464·44 479444 676444 9674447 944444

‚nnn—ww

977169 494469 671969

77 6674147744 444444 767644 6681166644 44744 355844
99 976747 668447 946947 464747 647947 999747
,46 Ἧ4796667 777666 6664689666 447 78466676774769666

696487 934681 444881 591081 949281 327481
7 79935416'549097764 447774 7444646691114964 491764

984969 252369 499769

Γ 7ἷῖ6986668719496 4764767 77769676697176797 467696

9⁶2249 466749 479449 918649 476649 644449
6633744796. 449996 , 74479 76681081456 440776 879796
4886447 487644 96664Η “ 4470477-*ηὲ994644 989644

’mmmm'

*450916 746776 6666669976 408416 767776 6774746976
47 679869 979469 494669 471009 997469 976869
43 776764 646676964 994964 735504 6699095104 474704
49 999667 499467 449467 899 667 448867 698667
WL94 m102500 464466 744466 6689664466 4444667 8647 66

51- ”“““““”47 5401 565601. 7747617 446661 4174161 966461
44 448764 748764 6667649164 789407 749904 6716170704
77 591209 891809 411409 447009 9156091 ’494469

94 744776 6647644976 375716 776476 6766677 76 458159
, 977644 478644 499644 886644 4476447 622025‘

466674679996· 331139 764996 6684047 930 404776 784996
77 777 7496797 7747 79777777
'59 468687 876487. 794487 494684 894887 477686

766 797666 6644699666 944666 697666767676496667 447666
''T-''⁸'' ., 66114 . ,

1 ΙῘ“ ¹ 77
ae , .

 

