nnn-ah- m mmmm

Η 41800 4 41900 4 44000 Ι 41106 Ι 44400 4 44344

1 1752343321 ¹7⁶⁰72552¹5¹7⁶5¹²772¹ ¹777549521 1766991111 1796664811.-Ι

:² 427044 849444 111844 644144 1786176644 5399441

4 111711 44411 411111 411411 ¹⁶11⁶5 114761 ·,
4 111411 177111 5 410041 811116 441111 711411 .
’4 678444 1761061144* 464114 887111 610117 793225

4 5'31956. 141111 141111 171111 414741 877111 ·

7 847614 444014 1414111441141111 411181 111111 . . .
4 919414 313024 716614 140444 488814 1794047444Ι ·

9 800761 444461 668461 1411614

,0 096900 480900 884900 708900 752900 216900
1444 180641 464841 969041 494141 857441 301641 .

1748014161496961

2⁶4384 6487841770111184 477184 911184 486414
441114 741711 117411 111119 ¹787⁰⁰⁶525 471111·
441876 816676 444476 646176 191076 444876«
5.¹...........-...5⁶²5 410114 411611 740614

*Ut—’ww
1 1114718 114171 411741 111171 111176 744476
77 11111141711118111 471111 899529 444749 110144
7668844144484 448084 484684 449444 594884

71 84164Ι 14644141411411771168141 114141 479641 ,

80 μ944400 44040017464004 141400 498444 1796054400 .

81744018161 404461 810461 146761 684961 444461
ΞΙΙ μ1114144 488814  854724t 811144 767444 “

18 44 474484 141884 411411 174040 414414ι ,
111411 1111111771114111 411111 146646 404446
353225 740225 147225 5742251788025225 488144

0 446996 814196 111196 618196 116746 474996

47 5²07⁶9 908169 414469 741969 190169 647769 1
4144144 111114 411744 144444 144144 741144· ·

1 688411 1411176111 414111 911711 111411 847411

774100 1601004 4681004 906100 444100 9141002 ἢ, ’

b 141114 118114 441414 114814 1144641777011664
1411114411 411141 111141 141141 114141 144444
107446 496046 804886 881616 784446 4414461

9
0
1 884881 444081 6411811781186481 418681 996881
ζ
5

191044 480044 989044 418044 ’867044 ³³⁶⁰25² κ ,Δ

4
6 474816 664016 1774074416 40441 941616 440816
7 ³5fl⁶⁰⁹ 748009 147409 486803417844414444 404609 ³
a 442404 844004 441604· 671404 144804
404401

890464·
674401

9-446101 916001 811801 788601

 

