ΙΙ 16166 1 169661 116661 111617 611667 w

dnh—’bunum υ--ι-α--ι-α-ι--ο--ὼ-ἶιό

41 414147111 461111481 4417176111 446941111 411180081 419411111
41 911964 167164 761764 914164 111164 486964
,41 {nomm 619149 167149 447116449 1610496 111649

611111 749911 667716 167116 166116

{miz 691011 891611 111611 116611 669611

‹Qu—*db*-
111716 7149166 914116 111116 191116 61171
997469 771169 976109 111611 411169 694469
619164 811704 44161810 4 217904 477604 717104
676161 166661 666461 116161 116661 ’

Ἁ771166661166 161166 111166 1171667 Ι ῖ·
’μ’-7641616 944461 144661 164161 661661 167161
161964 976164 116764 467164Ι 647164 967964
1476697 479611119 118109 441409 196669 916169
54 119911 676116 176111 491711 711116 991716
*931025 1111117117011 174611 771611, 4416616111

166 971716 111916 1911167 176716 117111 671791 .
177 471014449 191149 197149· 611649 116649 111449 .
11 696164 117764 479764 666964 961714 11411
19 097111 179611 411411 767111 941611 161111

66 119666 111666 111666 741666 ⁹⁸⁷⁶⁰Q“ ·.

*a*

61 111111 161111 161711 7779117 1111616111 191111
11 1111144 461444 667144 416144 671644 771144
61 164769 447769 641961 671169 111169 777769
64 116496 419196 611616 91411 . 117696 416496 ,
11 141111 171111 714111 917111 116111 461111

17 411619 611619 111419 4461141119 161119 741619
11 477414 617614 166614 614114 717114 5⁹¹424
19 111161 691961 961761 116161 176161 694167

11 119976 171116 776116 999116 141716 169911
70 1169661 746700 944900 676900 4169667 676966

761114
1611119

140714 114784 444019184 117184 497914
611119 866719 671119 191919 146119
711876 961676 111476 118176 111676
71 761611 910611 111611 716611 611611

ΞΓἺ11176 191171 191771 111976 111171
67 149111440674119, 179919 4199196

71
7³ .

74 847476

196614’

710719 976119
73 199114 671414 111614 167614 711114 6117011114
9 9'32641 1¹8441 114141 110041 791141
80 974466 116466 166466 91466 Ι, 117466

Tnuu} 711941 917641 111141 4114416 919147

661641 'j
16 · co.

 

