1

s ,
ΙΙ 17466Ι 17966Ι17666Ι 177967 ηὲΙοο ’779οῗ ¹

*unuh-m

61 794166911
61 161444
69 116969 711969
64 171196 774696
69 916119 119119

66 111116 &mom 116116 111116 69719 ,1

61 416611 111411 461111 111666111 161611 111611 ’
61 491614 994614 911114 661114 619414 ,169614,
69 949961 Δ766649761 979961 117961 611161 164961
76 666966 164966 611966Ἰ 171966 796966 91696

71 699141 166641 614141 111441 791641

72 710784 219264 719184 ²839 141914Ι

71 761729 179129 794929 119929 604229
116616 1114167116116 111616 111116

11 111611.Ι111641 961611 416611111611611

ΗΜ

11 111111 416111 1611616111 161111 ’ 111111 11111
1799646414 146614 671614 617114 111114 761414
79 699441 661141 117641 671141 191641 114441

16 196466 696466Ι 111466 711466 194466 914449

461161 111161 411161 1111617116161 946““““ἶ““61
466114 166114 111114 111114 461114· 991414
111411 111111 141411 111611Ι 411111 1111141119·
14 116116 111616 461116 1166167111496 104256
11 411111 ⁹³²....3.²⁵ 411111114666111Ι97911 166119

*Η*-

W...- 911116 114116 661116 411111 114“1““’94Ι ’

16 116116 4111161 Ι166116Ι 166116 611116 616116

111161 161641161 161161 111161 614161 191164
996144 611144 611144 111144 146144 911144
649111 191911 616711 111911 796911 914114

<Ha-’yffi 161166 7961661 muoz—fflffiql-AEQ

111 111611 · 161111 111411 111611 161111 494411
1 Ι 116664 911464 146164 999164 969661 991664
³ 161641 111641 161141 416141111611441 661449 4
116116 411116 111616 166416 611116 664696

4 9766197 414619 767619619 5⁶²⁰²2.2„.l}¹⁰²5' 716619 .

ΜΨΑ-υα-ῌΜΜ

91
93
94
91
Μ796696616 999116 661416 617616 116116 776616 “
n 085009· 594409 191809 071309 241609 1916697

146664 64 614 111164 111164 111464 111664
199661 19 661 714461 994161 944667

 

