767676767674 ,967674 696474 976764 mm 799674
7 77777 7647667777 764777 67777
74 4677 777776 7666677776 647776 677776 776776
79, 676679 ’469679 6666697677677679 676674 767679

7· 777776 777476 Ν
76 7677777774 767764 764774

77 7677766647 7647774747 7677777447 767674764ἰζ7677776747 7774677647

 

²9 3012'417044077041 676141 6666747.
30 467966 744966 7667449947. uma*

636766 466766 7689ύ7 7697674767· 964967 757541
764774 776674 Ι7777774 7774747499679474 4464
977677 746467· 4767 ,

34 ⁷⁰²8¹3955⁶ 976796 779496

77 , 76777776476747777 7777747

777444 7676447646646644 777744
mag {³321 7797777777666977

76 776744 777644

³9 977921 755721
40 7679744666 977666

76 ’474776 777676 ’67647776 666476 767676 766
77 647767 mus 7777677676κῂ 774767 777767 .,

mm , ²35 · ··

W

46 476764 7777 7667677764 67474· 774764 777764·

7 647647 47774 777647 7676644447 777644 747649

776776 994776 mm 67777, 7697647946 -9777776γ

47 maenvw] 746667 474767
9.

974674· 7676777 767677Ἰ 7774749 776647777467967

4617676777776 776776 777776 747776 7777476 747776
7 777467 7647676667 777767 Α , 777667 777767 477467
47 477764 766764 7664666764 777764 7777· 777764
’471 674767 47466 774467 76677747671 ’674667 777667
46 777966 667966 464466· 7779667697667966 977466

77 777664647766744 766767 777467 ·767667 477674

ΙΙ 678661 77966 ’746661 747677 74766 74766 ”

777777- 666776. 6

77 776767· 776467 776667 77676 777667 7777677767 ’
777677777764ἱ7 777761η 777764 mm] 777764 777774

74 477776 774776 67674776 677776 776776 777776
776 667777, 4476777 74767717677664677 467674· 746774

477776 777776 ,6777677776 - 774776,
777747 Ι467647 747647 7776767447
777677764764 7477646 747764 767464 4777444 ,777774
77· 777777 7647777667 777477 777777 mun. 446777
Ι 499666 , ²³1⁶Q⁰70⁶⁶⁰83⁶⁰⁰= 969666· 949696 6096·-

[ΒΞ

67,

 

