. · 41 011111

l 40000 9 40100 ⁴3⁸⁰.........⁰.....¹ {m

·419 1904994041 1919119040191109914111990011441 1999609641 1944401441
40 604064 460464 110064 49946 691164 91614
, 11044 41004 000040 041040 10144 00444
10410 101110 000000 0011011100 410000 010110
419019 9440199 1490196 961019 141019

40 1-10110 110110 411110 010110 1941191111 1199
41 1909οο000 000000 110410 00111 191119 991119
40 1410 0411 04110 400104 000004 1041111111
49 004001 1974906 744600 414601 914401 194 4111

90 491191914061900 411900 601900 4111900 1111.

91 4119401 1911001 910101 690401 490601 910401
,40 4970 047 997994 774404 474704 4940
44 66440 404099 0 90404460 466109 66640 447

44 0111041040 110416 094116 194910 111116

55 19901 900019 1610191991941999 543025 4141119

006400 101100 040140 101000 11111 11111
06666 6406 100041111101111110101

104141 440041 611441 999441 1994011040011141
,666101οω 001000 000000 401111 119111 101011

61 910144 111644 419044 557444 459244 199οἒ6

.’ 61 0419111919011110 767400 969911 911Ἶ10449ιι

00 411100 000100 100100 141000 141001
14 944196 1111961004010400 119191 1911191 410110
4 640004 474004 044004 911119 1141191441004

461196 119996 1999009196 411994 644466
4 49069 404 609 0910491900449 1046 660
6 {⁶ 111941 1941016161
960900 14490οΙ 446
9

1
7² 2435ss 967964 766464 446744 941144 6
10 000001 1110011100 140000 114119 419919
14 411110 100010 001110111111 911411
19 909619 190619 1919019619 500525 ⁶056²5l 43 1119

174444 1994064494
’ 6666646 600841 366644 ¹5²44¹ 953241
„ ι 66ζ ¹ 942400 ι 604400 444400 140900194904441109 9911,

 

