-99400 99500 Δ9999 9979· 99 99 99919

¹ nnn-pamm

99 989499994949904499449 9994949649 9944999149 9649999419914996
9 99 ,994014 ’ 698484 . 9498143497914 Ι499684
99 999999 199999 949999 *mim 699999 999

’ ’94 9899999996 9909996996 949996 ,196996 190996 91999

99 999699 9996991999994969999949999999 9969999699 9919999199
2⁶¹ 999496 4946961 999996 999096 999996 9994·

998999 699999
999888999ξέ88

. 27
²8
. ²9

Ἴ 9914994966 996966199969 96966 9946699966 996669896619986004494

. ¹31 523761 r419961' 336161' 999969 998969 964944

999999 494999 ’499999 4999]
991914 699914 699914 699
987641 878441 899949 869644

, Ι99 999694 699694Ι 999494 499894 498994 4646
³3 921489 818089 734689 ,
94 91199909969999099996 999996 199996 1941

99 999999 99699969999999999199499999999969999999199199949
9όὶ 998096 419996 999496 „ 969696 η 996896 ’9

679989 617889
999996

99 996969 694969 ι999969 469969 9496969 499
38 ⁹¹5844 818444 ’781044 ’668644 696944 669
89 9888114711-9996911811 989811 868999 ,899999 894719

’46 999666 9996669998999666999486646-669996899969999889449

.' 41 512481 496689 998889 Ι969689 999999 969944
, 42 711864 699764 598964 466964 494964· 41819
49 990949 869849 999449 996949 694649 Q

44 9119109996 9909909996 996996 Ι669996 ’ 194996 1919

45 908099 96969919999996699 9949669699 9969694699 99896644ζ

m·

46 899916 406116 999946 964996 999996 9496
49 709109 Ι609999 994669 ’464669 499409 494
48 904704 804804 799904 Ι669964 699964 6699
49 96991986919919008401 919101 ” 869609 ,899869 8161
96 969966 969966 999699996619996669966 9996699966 994699ιῖ

99 969469 469669 · 9998691 969669 999969 99141
99 96696 666964 999964 ,469964 499964 499
99 899969 ,999869 996469 669669, 699669 6699
9498946989ιό 1998996 999996 866996 ’899996 89111
99 “ 999699 9999998699 9999999699 ’9999666699 9999696699 9999669999

’ 497986 ,999996 998996 999996, 996996 969994

’ 694149 996949 999649 499949 496449 999,

91 Ι999964 999964 996964 9699964 696994 6996

ἑ9 19899991681 994489 916989 898689 899889 861441
0

99960919999999699 9999999699 9999999699 999999969919999999

 

