Η 46699 Ι 46799 Ι 46866 Ι 46966 47667

74 776797644 779994844 787946644 786876744 789744444 794778644Ι
77 ww& mnu qu &mu uum Mau
78 874479 698779 788948879 387979 787979 797779
74 747776 697776 946976 477776 776976 777876
’79 896679 779674 989679Ι 469679 896679 769679 ·

76 477676 749676 774776 469476 774676 799676
77 447779 777476 - 747976 377779 976779 774779
78 490384 876984 787484 737784 977784 767774 “ 1
79Ι 979644 899444 749744 994644 986847 ¹ ·
309 556900 897966 748999 674997 799676999
fflwffl—-m—mw
3¹ 590161 976964 787964 698764 , 994964 477467
37Ι 073474 999874 370774 697674 689674 969474 · ·
559589 776489 77 8689 569089 z
'585556 769746 747746 477946 ’

551 696689
4 84 689996
35 Ι 777774 969774 477774 794779 794774 66877

667 7ΜΙἜΜ .,

993789
789976796

. ηψπ unm ssnw &ww
35 477944 766644 476744 764744 797444 777944
746777 794777 447977 979777 777477 744777
889699Ι 777ὼ 0 984699 968699 864699 779668 · “

5¹ 977884 764984 659281 597481 , .
479764 ’647464
469849 887449 ·
497976 9767767
677974 947974 Ι

47 946764 764464 647964 7676977674
‘ 5 979449 777449 ,666649 664749
4777677746 767476 ’779776 999776
49. 996979 394974 744074 784679

· 989976 478970 787746Ι 466946 966446 989 76
777699 407009 877409 766899 . 666769 794649869

733904 493404 844704Ι 734704 684994 69996

979964 888807 768694 668464 788494

9779997. 867966- ·967966 . 777996 -

789794

777999 367300

877499 668699

499746 696946
899979 786679

7646776979 494469 864799 779799
097770 488446 888946 ’799946

54 wmu mmm! &wn- ·wwss

. 55

⁸ 97] 743807 396007 930707Ι 886494 786664 496864 ’
μΙ ηΜἊΙ “mul 888 ΙΝἊΜΙ wwu mum ,

4776467 76746 ¹¹114736. 494976 997 776776

ΙΙ 433649 797049 188449 779849 947 {99F 352545' -' ⁸
4⁸⁸9999 830504 797704 773704 973Ι 39⁶9⁶4'
9777 864784 -679884 697484 -7976644 444ΰ 1

555600 8976901 799696 644669 6496691 469666

 

