Μ

⁰ss 7600 1 7700 1 7800 1,- 17000 1 800 0 1Ι ¹ ι

&mmmmm-*hbb- . .

3.7760000 30190000 608400061 6141·0000 64000000 63610060ε
1 1 773101 303401 833601 413801 016001“· 616101
. . 706404 3108041 8111041 4416011 031004 641404
31 803600 336100 886809 43740 048000 638600
411 810816 331616 961416 4731161 044016' 674816·
1311 836025 367013 979935-‘b 4890131 080013 691013Ι 5

..ὠὸν-...Μὴ

16 1111161 381436Ι 033616 3048361 0060361 767116·
Ι166411 111141 949249 141641· 114641 111441 -

881664 ·413164 064864 3164641118064 730664Ι

106111, 411611 910411 131111144111 755881

011100 160109 771100 ¹ ’

ῖ-ωῌ4441001μ90811οἤηὰ 86810οᾳ

439311 61011711 383011* 1761111Ι 788311
1 ·’ 1461· 474944 027344 5997444 114141164144
111 111161] 411161 0410101Ι 013360 204149 110710
14 111116 111116 611116 611116. 111116· 116116
1111611111 5212251 114111 ’647113 240225 833113 5

...w-Q
16 180034361 336636* 089836· ;“663036 136136 869436
17· 018689 331089 163489 678880 1711801883680.
Ι18· ⁶339²4 5⁶7524 111114
10 049161· 582961 186761
10 064400 3984001

...κὰδ’-ο ήκω-*μεμψ-

11ἰ 079641 611841· · j 7411411 3364411 030641 “’

,·6141ι4ζ1111445111144, .
710361. 364361 918161

13 110110 644710 ’ , 773019Ι 868319 083119
44· 141116 661116 1 111116164116 111116

13 1406131 673613 . 803611η-ἢηέ00613 66013613

*mu-*mh*

111116 ⁶9r⁰7⁶ 146116 111416 41W'53T9732
111111 116111 161111 4³7³29 4141411 048129

11104114 611114 - : 11161411114161 066114

116114 1111141411ἰ114 111114 441114 164111
201641 737441 111441 161641 461141 011641

Μ1160001 731900 3089001 8849001 480000 096960 , ·
Μ131161 168361 314161· 000761 49⁶9⁶¹ 113161
141414 1111141141114·116614.111614 125424¹
111011 111111 111111 111411 141611 141611
³7795⁶ 114116 111116 141116 141116 161116 -
193113 8301131· 5872255 0641131 3611131 178225·

16 161416 141616 40289⁶ 116616· 111116 114116. ·

11 ³2³7⁶9 111111 411161 9959⁶t9 111161 611161 .

11 111114 116644 414644 61611144 661444 111614

¹39 334311 891111ἵ 449911 01771 613311 643811
369600 007600 4636001 043600 6416001 130600 ,

141.

 

