Τ·Μ 79499 794991 794941 74466

47 ι16444448441 6466444644 6474966944 6494944644 6467694444· 6444499444
44 474444 496444 6476449414 979644 494944 744444 “
²3 Ἰ644449 449449 49974964944994496469644949 96744
44 796976 697476 444476 496976 471776 6444966971
44 446644 764644 666644 444644 446644 444644

ffl„............................................ *W

16116147196976 944176 799976 444474 479444
ι471 4667496464694449 9¹7529 4449441 444449 mm! .

64 444744 449444 6677979994 94494 467444 794744
914641, 494644 4444416494999644 966644 464444 ⁶
740900 446969 991966 44996616 4694449446 6444646964

441 494964 719464 991461 4979649 444764 479964
4416446997944 474444 799144 966444 444644 449944

491 649999 6464944699 669169 764919 661499 499999 ’
,9411 979496 499946 6479646746 444444 7⁶035⁶ ⁶57¹„ ,

4911 941169 446449 4994496694944444 949444 94644

4411 649494 466496 444696 466996 64466796961 974496
37 447469 444746 994469 499969 446969 6446444469
74 6447669444 444644 669644 916144 449644 694444
49 464444 994444 949·444 ·667 944 444744
4ο 444666 6464449666 977699 999699 7196 ·64466

497444 4479446941 994461 174491 7799494

494941

6 647764 496464 49496464991949649414944464 947744
4 799649 614449 499949 444649· 499444 6447944449

994946 774746 611946
ς’6449444644 944644 779969 919969 999969 46764

6 476446·6464699916 969919 7977161 666946 466446

’ 4

449469 447669 6466997999 946469 444494 725209'
966999 499994 1499946196199194 994794 884304
· 744401 5⁶4²0¹ 464694 44964 6444444664 ⁶³²8043401·
964466 744466 · 464466 444466

,164496666641999864 74466416 4944641

991999 46746

ι4497646464649464 979994 799996
497469 6487098069

4 996916 999716 ¹9⁶5¹⁶
4 694444 444949 999919

...manna—*mm

4 444444 474446 944946 474746 4999466449497446
19991994 696 4994 994 796
g 14118116466147494 - 9999911 899961 796661 641194
411 4946661 464666 64944476666496999699 9946661794666

899669

6’97997916
= 446644

779699 679 80
998146 99994
&novo-„25 ⁹.....⁹....⁸0²5 ·

476969

k

 

479446 449446 447946 -

