, ·6 ¹55600 55700''' 66660 76000 764007

...qa-*ww ,.-4
44 7094940664 7407049064 7446777464 7444444464 7440797694 7474444474
444 4094044464 440464 446494 404464 404464 444446.
'43 ,447449 464049 ,44064 649449 647649 7474076447
44. 44474 444446 444446 444446 444446 44444
45 366025 505035 664044 6470444444044047 ,464044

mmm 7777467 954916 ¹54¹¹⁶ 777747
‘4¹⁸¹'

4· 47 666609 746009. 6674099440066609·’ 466409 467407
644004 440404;Ι 404404 444404 444404 m
,7444074 944004 ’6669440604 490604 490404 70404

777 9447007406064600 444700, 404700 604400 70444

6 W

'5¹ 3097033806 674004 374404 514401 714601 9747066
74 ,444404 ’,464404 444404 646404 646404444404446
44 446404 444000 444604 744404 444400 44047

767776 706746 669746 490446744 409094 474 46

5 479025 646046 7,64044 9620253 Ι767047 4640446

55

’ ’ 440446 744446 444446144””““ῖ““““““““““““”4477774 777774 4764“““’6

· {3} 70¹ 49 6496496640004449 464649 367449 606697
44

644764 444464 446464 444764 4044 440464
9²4 64 7404066064 447664 409664 644464 4444647

444444 400644 46404 444444 447444 470464
464464 444460 644460 4777477447777747 444464

460696 644696 766490

64
66
64 969496 474096 ’7494696

66 592225 76666 696666694340644477 284225 7074447
’ ·66 7⁰55533 4464444444004446 477474 774774 4““““’””’”ι””747

” 1' 4074044600 474400 777474 523—400 7235003 7774740
’ 33 446444 4647447 4444447 6“’”44444 47774474444444447

’4 67 64466 946469 44469 704069 907477 77446

0464447444064644 444444 447044 447444 744444
64 4044047464 444464 444464 444944 777744 7444
.⁷...--⁰ 446900 49490 476 900 640 00 6449004477οέ 466666

, 1 “’““““Ξ47444 444444 4646441 444444.. 444044 4666
7 676664 666664 ⁶8⁰384 664764 4444069464 4496667
44 464444 647444 744440 ·.046747 74474 4044 6
74· 744476 7446046 904676 4477044674Ἰ 477474 7444Ι
73 707647 690649 3444044644 400647 407647 64666

46 ,6.66976. 966676 ‚¹²7 76 466676 447776 44666,

74 446444 4444044444 444440 44474.. 647747 5555*r

. 6660644664 ’4644644 44066 · 946447 744044 464661

, ’ 74 ··666646 6’96646 464644 64604ιῖ, 694444 7476060446

ς 464400 406 674400· 7604400 966400 6966

 

