ΙΙ’ 32490 4 ζ*6ἶ6ἶ3“μΓἅ.ἳῦ666“4““·6ῗῖ;6“4“““66866 Ι 81900

--ι-σ-ι-ι n--n—-b-a *dn-uu n—-u-u—-nu--hd—-w υ--ι--η--ω-ι--ο

41 Ι6649479441 6644674441 6661987641 6678444844 6694676041 6744040441
41 444084 836484 6664440884 48448Ξ1 849684 414084

23 794929 999629 314129 ⁶48729 ⁶⁶95003329 ¹ -377929’

x24 867776 6646464476 , 477476 . 81447 466976 , 444776

44 6640040644 4446441 640644 s «9746444 440644 704644

QJ,

16 mom ⁶⁶79139076 111170 101110 ¹·

366929 666769 967149 404449 657929 6712033329 '
. 519184} 614784 6664440484 464984 821584 197184 1 ἱ

49 684041 977841 494641 629441 98 5241 361041

404 844900 66474409004 446900 794900 66961489001 444900

*wod-*³*- ῠ-ι--ἱαιι-ι--ι--κ

4646641007761 4049649 640461 946461 444461· 688761 1
784414 6680419844 476224 844944 ,

44 147044] 46702
6 1061 0001 1601 060 660100008
11 1666· 006600006 0016 8066 606

11 6611

11 1061 000 1661 000

1806060 1001 660600001

464144

49 410744 608441 946441 641944 999441

16 *8ἧο6060606 4660”“666Υο066 666

946444 474444 610444 9674441 444444 , s

000 6661,
1601 060 ,.

9

4ο *4746004 771600 6664089600 427 8460046744164600 - -

w

ι44 616481 916681 . 444881 191081 911481 417481
23}
44

166406000 1661 1100000661 000
606 1001 606 11801 000 6601

4606 4604 664 mwnhdsswn 660

45 ..............-......u.....-...„---.

, ⁴ 440916 740116 6666069416 408416 767716 6744146946
0 0180 1001 0160 1601 600 4669
4 166906000 1061 060606061 mmm
¹49 '939601 449404 449401 ’899001 448804 633401

404664 4104400 404400 744400 6684 064 400

f ΜιΓωι 660 8006 000 ’18101 600
8101 600666601 600 166106000
491409 894809 212409 553009 9¹3⁶09 294669
744116 6611044946 474 746- 716416 6700077416
917044 448044 449044 880044

66040601 006 706100066 4006 666
11 1001 066· 8001 000 1001
‘ ’4047 64 707464 6668048964 470464 744464 6717114 764
468684 870481 194481 44 44081 891881
74460 6644044600 444600 697600467040496001 1

6644444446 423936 744746966810814 ῆό 440446 849446 ‘ ι

1

'4225001 801100

118186 ῃ .

949849 .
47768 .

 

