Ι 7Ι 36866 Ι 369661 33666 Ι 33666Ι 33666 Ι 33366Ι

’ - -. 66673846666 6686466666 6689666666 6693666666* 6666646666 666889666
· Ι , Ιι 963666 473866 666666 ΙΙ676666 366466Ι 936666
Ι , ·,,,6Ι 976664 446664 6366643 746464 ,376864Ι 6669663664

’“ 3Ι1676636869 ’667469 698669 868669 439669 6898
666466 673666 664666Ι 874866Ι 363666 636466
668663Ι 739663 3 30025 946663 376663 663663

ι *DQ-*wau* ἩῊ-Μ-

,“· , 3 6 633 636 864836 3966366696667636 638436 669636
, 3 ;37 696646 676646 46,6646 676446 794646 646649
· “ ,Ι 8 · 364864 936464 368664 639664 776664 466864

, · ¹ 9 436486 6683666686 394686 ’7Ι66388 837686 489419

10 496666 666666 666666Ι 676666 964666 336366

’ Τ-ῂψῄψ 338366 976366 666766

6697,79 633966 76666

16 667644 696744 76664ΙΙ 4045441103056944 ’666644
.·13 666969 663366 479766ι 998869 7559

364 769666 669666
’ Ι 15 824225 667669 =

' 67 666466 666669 666669 766696 669699666996649
“ 68 6677666664 394764 688364 866964 433364 689664

 

39 686766 666366 634366 868666 366666 ¹557⁶¹3

Ι, 20 636466 766466 366466 934466 368466 6664661

*muna-n-

266Ι, 668949 796646 386446 6697666646Ι 64846 689646
688684 889984 452484 666884· 766684. 33368 ’
’ 23 349329 923929 2518529 6336699 767769 466369

’· 64 464676 666776 664676 669676 964676 499976

ἰ· · 34 676666

4996666994666666 666663 66 525 966663 933663γ

” 67 666969 687369 786769 398669 6664633369 6889991
Ι66 677694 6 68694 649764 464694 969664 796161
69 743646 369646 964846 336646 666446 866646 9

30¹ 8989991.. 884999 986966 4969661 6369661 6886991
31 876668ΙῖΙ 469766 6696646966 663669 ’699366 933369

64687,6Ι“Ι 3188476 766676 336876 967676 666676

32 946664 366664· 113024 769464 363864 6666666664

366 76663666 366469 679669 766699 466669 69668
646666 646666 8⁶155 ⁶ 49875 6 66696
887776 ⁷¹4-ffl ,366663Ι 968663* 363663 666664

” f· 36 666896 7Ι·6696 377696 994496 636696 6888999
,- 67 669669 916966 446 69 6369666679 696666 6666.

Ϋ88 884744 996844 369444 667644 764644 4666
39 399921 977766 3743866 ⁴93321 836666 438911Ι

,ε ·· 601 4456001085043600 646666 639666 897666 333666

 

