· 0 mmm 6696466691679896666 6766496666 affl

9 499969 949469 699669 869869 699669, 969969
. 969664 664664 Ι964464
4 964896 699696 846496 67ιὲῗζῒῗὲ ἰ 66ξῖῗῖ mm

·5 696699 747699 ὶ998699 ὣςᾼρρῧ 479699

6 667696 ,796496 949696 496996 966696 999994
7 766449. 649649 6666666969 696 49 964649 999469
8 769664 969964 699864 994464 496664 699444
9 866889 999689 964489, 976989 468699 . 4949999

96 879966 669664966 966600 666600 660600 786666
991Ι 999999 699999 607766 679966 676666 ’ 764666,
,u mm ιώἸ nm4 mm ⁶wu amu
'mmm 999999 996969 469969 676669 999969

9 469464 999864· 749964
’ 9 969669· - 644469 -994669

f} 994499 999949 .-966996 · 999996 966696 ,946996
. ¹5 998999 969999Ι 4649661Ι 667666 766666 996666

66 699496 999496 ,469696 699696 696696 696649496.
Χ67 696699 964499 969469 696669 664669 ¹ 699699
’66 666964 469964 Α 99664 946964Ἰ 996964 949994

69 999999 466966. 666966 994966 1 999969 - mm

20 984466 999466Ι 679466 846466 6776464661 994404

99 499649 ῤ969949, 794649 898949 ,699449 §estu

‘ 66 496994 666664 ,779664 - 996494 644464 999999

“ 999699- 696969 969969 696666969- 696969 499949
969999 764696 996976 699996 649996 44999

646699 779699 996699 9696991 966699 mm?

696696 967676 966696 999496 996696, 999999
·. 949669 996969 669699969 669969 464969 ³
. ' 994964 969964 669964 ,999994ι 496794 ·
69 649646 966446 699646· 969646 969946
966 896966 6699699966 · 989966 964966 966966

447999 . 694999

964496 949696Ι 496896 676696 879996· ⁰90496 ·

99 ’- 699769 999669 996969 967969 969969 949999

99 99696444 444644 ·666644 999644 999444 9996 ··

99 998999 496999· 699999- 999799 678994999 ·²4732¹

,A οι 469666 94766 769666 889666 689666 ²99⁶0²o1

 

