663337333 3753933431 313111331 33336331 1
47 336164 646364 868964 989964 383764 464364
43 361449 764643 933349173639349 333343 436443 “ .
44 · 634736 733336 933336 693436 333396 363336 ,
43 3633311 363633 364633

46

47
48

11 1Κ ·963333 1 663336 633463 463336 663496 833433 -

331 ,934867 334363 334661 434463 644663 87 4863 ,
141633633364 463344 333364 366364 366364 337364 ’ ·
99 676463 337663 377663 333363 733363 373463 .
111

344634 443633 963634, .

363664 9683ὸ9 661469 346839 446369 663639

319904 959904 Η9104 494704 498304. 717904
871201 6⁶3011001 136963 993663 443463 336363 Α

9 313436 836336 6ἐξ111111“””“”1111Ῐῑ“’““’114ι36 619436

331336 368436 439336 636336 846936 684314336
339639 136334 487634 663694 8646341 ·634634

’931 336336 333336 333736 749936 333336 331336

371 131339 433649 384443 763843 367343 333349 .-
93Ι 913934 434364 636464 333364 679643364 346964
’ · 494383 936683 687883 869689 633483 394193

433666 377666 739333 911333 „QWQ ', ,Ι

..433934 663333 733333 333333 333333 337344
136344 633644 941644 4633444 337344 436344 ·
339339 736963 394769 677363 -379963 363363 . ’ ’
343396 333636 946436 333336 336636 394333 - ·
6933331 899339 9983331 383333 4843341 661334

457393136 13386996 66399999 993996 499193 399 43 ’
1114111111 119361 4934411 331631 146131 11111
993963 46 64643363 201464 388969 993769 8341 31
111 9439661 633363 6363661446366 644366 333 404

*auf-..mm
131 99666343 344443 3686431 493843 6933431 931149
914 393134 194934 369334 344734 749344 3733341
99 102929 1477331 412129 336733 369333 6336331139Ι
³79 4 344476 399676 463376 643376 349476 673393
94 1 36 6391 446633 373633 ,3666341 933634 199119

911“1“333913’“”“’““’1 36636 367376 733376 937736 131911 ·
303329 494339 639339 864939 683669939 944919

999444 464384 636834 846484 963683

414041 - 316343 733643 368443 934343
6684631 334466 966466

'-‘''·04

383684
346643

366436 493433

 

