11 99799 1 ’99999 ῖς ..ι-*694991 999996 99699 99799 7

01 7776640600 7974490060 799Ἶοοω 6060690066 9669966969 9649999999 ’
1 9 999499 666699 996699 499999 999999 999499·
61 996604 647604 767694 69991141 999494 449994

17 7777677609 7777067607 696469 7670 677609 6696

777666 6044667777077666 966066 976966 997976
911 999999 994979 9999949999 9999999969 997977Ι

799499 799996 499699 994999 999996 6947966496
17 666649 740649
11 7978967764 9966641

666647 403047 464447 ,647647
990464 694994 777664 767664

949999 7976997499 999969 969999 779669 794699
Ὶ991 474999 77699917994949999 6999949999 - 999999 884100

m

11 997999 4947791 ‚ 976999 999999 6999999999 9949999999
n 760944 677744 707744 7999 760744 646944
167 979767 666967 694767 777669 46776 7 466769
64 7977677776 770796 967796 770696 666776 606796
³¹⁶225 7977669667 7779046667 977667 949667 779667

15 W*

99 494699 747676 779996 9999994996 6999997499 999996
111 979969 9764911 999669 7999991 799969 9949949969

21 796499 7976997499 999499 6994991 744499 676409

4611. 776646 646046799666764960640094461 907646. . ,677646
767664 ’469664 694064 977494 9076606964 6070077674
747767 776767 476767 767769 666667 666769

64 966476 776976 676776 746776 466776 999976

79 796--1-4799679 9999771 699679 779979· 949979 974644· ·

*hm—”puu-

6611 677076797767467677770094761 904676 979979 799979
67 477769 764707 666747 6067067767 777667 974769
66 677984 496764 667664 997764 6066676664 6999999964
69 664446 670646 746046 446644 777646 999447
70 776700 7499001 744700 660700 776909 477999,-

7967979969796996746611 907766 7119966 7669691 999999

776764 476764
777766 676769

699994 79999
7969999999 669799

669064 669764
999969 499969

949664 60666417996969964 777064 697464 699974
969999 964669 999469 6066696069 6994074669 6999999969
766776 7677761440776 777476 677976 799799
9976671 746667 667667 766067 4776671 370225

““’“”““”9’,99999694 999799 7970961 677696 69476Ἶῖὣῖ

96466697966079767 776769 974769 776767 769999
191460644 676644777767764419997077444 776044 999944
79 777666 476966 774766 676766 9677670766 9949979979
40 777666 6776001 767600 4666001 *7696007 667969
Μ ww

 

