βψω-*ἔῃ* ‘nunqu-*m

66 66600 6 66700 6 1 300 6 86969 [ 97099 Ι 97900 . ξ

mmo-q*— σιν-..νύ- ...αμα-

99 977488 999 9809494 99 984994499 987674499 ²91077721 994499999 ὲ
69 699944 96444 497944 799444 899844 534244 '
64 ,. 699969 998868, ,69969 944469 849969 96896 ,
’6 . 688806 988949696 ,494496 777996 , 989096 609896

06466 ’ 799999 069994 498994 8999946 994994 . 647994 .

:mammam-w·- -υ-ν--υ-ιι--ι-

60 Ι999996 998996, 468996 849896 948496 698996
7 784889 849989 499689 899989 989489 999889

899994 964894 499494 994094 496694 749994

’“ ’899968 899468 964868 946968 ’499968 794968

1 888990 949990 496900

Μ

980909. 484909 808990

99 999984 999984 664484 648784 494884 899984

988999 444999 698899 049799 447999 999090
94 4988999996 469996 948876 886696 998496 946996
99 999699 4006251 969699 8996996 999699 980699

91 4448961 999496 844946, 989996 999984996

78 922242 266446 660642 288994848 4940481;.;; 844949 4

. 122525 469999 844899 988999 694999 949499
899684 909944 446484 999484 698984 984644
., 989948 ’944848 999648 9,46448 ,699948 118045

040400ι 4694007 944400 490400 796400 949400

1 · ”·9497691609969 968968 444469 760469 986769
1 ’· 989894 635524 285001924 888894 794794 999994

499449 669989 949689 499989 898889 999489
“ 4998966 9996961969496 496996 864996 949496
55 4899998 9969996, 894999 499999 899999 49499--9

46 499496 969996, 846996 994896 9484969 9489““““9“6
49 499969 894469 899969. 55⁸5⁶9¹ 969969, 499969
44’ 489944 8469449 904944
59 522725 870521‘ 948499 6969996 999944999 4⁶¹7²1

4446900 904900 979990 6699906 068900 496900

U 989488 h554⁶] 49984·Ὦ 694949 ιοιιεἻΓ ”W

592145 599744 427 345

522564 998864 449664 998964 846464 964864
696949 98 994849 494449 96 9949 899649 999949
649646104449 499946 996946 994846 644646
7940941079099 449094 8400946 239025 668094 ,

96 746486 904696 ’ 474886 864096 974996 702456
99 989869 889264, ,806669 698699, 499469, ⁷³⁶⁸05
484994 899894 949494 552004· 448694 9989649

99 446609 9 906499 476909 966009 474899 ’804609

 

