Ι

m

89117979096969179989639699006849969 9094799969 9049699769 9060697969
8²· 67666479899469648607666964 994764 869984 868964
,ς 494089 390689 907989 9099999889 8043646489 '· 989080
84 ., 639696. 499496 386996 993096, 999996 8069966696
991. 8999931 6799999 9699998 479999, 399999ι ⁶²²5

÷⁸⁶11 999996 “ 696996 949996 699996 999996 999994
99 9999909969 9996699969 999969 Ι996969 9999699 969969
09 ,946944 ·’ ῑ-994944990099099449696669944 999994 994944
Ι89 ’·, 993999 ’.9 393399 999999 988999 9644996799 8069064999

ML ”³2³¹ ·‘'⁹*Af-22⁵.⁰„J„‡⁹!⁰-<’.1.-·⁴³2‘·⁷-⁰---⁰'lx

&Qua 572100 466900 3699001· ”QLQ ·

 

¹fill 989699 790999 4390999 949999 499499 ³ 499699 2 v

92
36 418436 287236 8009976036 8097084836 5045013636 9⁶²4}ss .
QQ 466669 . 999699 ¹⁹³⁰²⁵E2⁶Q'

2 4093
...Ι-*μω

968 999696 644996 994099 449996 999496 999999
99 994969 999669 999669 699469 999969 , 969909
98 7974999804 7909009404 , 899004 809604 739904 690804
29 · 399409 989909 9090079009 ’990809 990609 960409,
Η 89900 Ι 99900 Ι 90000 Ι 90900 Ι ,00900 Ι 90300.“

cunnus-*m

4 0 9064040000- 9089090000 8900000000 9999090000 9936040000 8974090000
'¹1 999609 999909 990009 990909 990409 970609
99 990964 969664 966664. 996464 466964 499964
99 999909 949469 946669Υ 996669 999969 699969
..4 799496. 799996 790096 790896 769696 899496

5 998699 969669 966666 9¹¹0²5 942025 999069,

‘mmmm 999664. 898064 7²⁶4⁶4 ⁶548⁶4 603264‘

ἡ*

6 9097997934 9099099996 9909096696 8999699996 6999999496 99 77973439
97 977947· 969649 969649 999449 969949 Χ’994949
97 479904 449464 446664 499664 499964 994994
9 ⁶5⁶48¹ 698989 - 690699 699889 669689 793490
90 ’836900 808960 800900 899900 844900 · 896900

r

66 999944.9694ι6994499669669449996999944 964944. 999944
99 994969 ,949969 Ἰ946969 ’999969 999969. 499969
,9 999 9999 999. 999.. 9999 966
’.μὶ-η...- mmm-*232

1¹⁶ *⁸*-

9 999996 999696 996996 999496ι 996696 479999
997 9069699489 9089066889 8909660999 9999073699 9933907099 8¹57¹⁶0489
69 973994 946994 946994 ’999994 - 999994 1· 949994
99 499769 496969 490369 ’
0

454161¹ 469969 799749

639400 6064901 6004007 694400 648400 70949

 

· 999949 9999094499 999649 969649 994949 999

9066093799 9899998 990999 99939989390949998966076799, ,

