44444444 444 &mg
20

63 404969 84436
44 444 444

44444444544ἷῖ4ῧῐῖῆῐ44444444
4444444 4449 4449 · 4 j

444 444 444

41 4944433333447443· 760443 44344333974064439 809225 ..- ³
Γ 444 444! 444 444 ”nv 445· · j

444 444 444 8444 444 444·.
49 3339078744· 702561 446364 3383040464 49396 397764
70 444900 8489οό 492900 ¹⁴⁶900 840900 644900

-ῠ-ηιιιι-ι-ιῦ

444 444 444 444 444 444
49 4444444449 4449 44444444 444 ’

4 4444 444444444 444944444 ι’
6

444 444 442
44 444 44444444 .
75 444 444 444  444 444

76. 5340101776
77 447949,
78 9941089Ι 53554944]

9991 640444. 466044
α’

w 444 44444444 4443 44Τ 44
82 978724 603444.. 4343443 4947444 404444, §ww
ἷῆ”μ4449 4449 444 444 444 444
85 417225 3336044443 691446 668448 6400046446 764446 · “

4 544 84994444 4444 144⁶ 4444

76146

44 444 444 444 444 444444444
44 444· 44 44444 444 444 444

4 6944000944 649744

90 448400 776400 444400133860944003 780400 48840·

4 444444444 44⁶ 444444444 444
449 4444 444 4444 4444 444 444

449 444 44444444 -444 444

91' 494484 944484 370684 4388834 9470899 633484

44444444 444 444 .‘

444 444 444 444 .

44444 ’

44’ 444 444 444 444 444 444

 

