’11’“’ 976661 98766 1 97866 1“ ·97966 1 97666 1 97766 ”

7 7798677787 8476444684 8474769484 84774474841474747684 8487967884
4 476464 794764. 974964 7747 · 749764 849644847
7 477449 778649 8477476649 747447 947849 774 ,
4 647776 964776 746776 , 699476 8474697976 74677
5 ’7868677 4877476771 764677 887677 777677 76767

mmm

6 989776 777776 687776 8474666976 466776 88777
718797877669 777669 877469 776869 676769 8497669

5 777964 67764 8476677464 474764 874764 477·

779767 819667 778867 678667 8477677467 47876
6 977766 8478667766 477766 867766 767766 6777
ι Ἰ967767 746667 666767 976467 776667 76686
4 8466689464 449764 789964 7477476764 776764 9744
7 474469 647669 9776 69 774499 Ι·774867184944774
·’,4 477746. 7967768477477746 778446 778946 77774
77 , 4679677 9766771 747677 77767718474777677 74467

*αὴ-*ωι- *Μ mnu-v·-

91 84477618449467776 744776 967976 767476 74777
7774946676 49 747647 768449 8476687847 494449 7446
48 . 486894 776764 874464 477764 677764 84976769
89 ”876488 744687 8478677887 477687 879488 787787
’76 7776 66 8976661779666 ⁶4160018475043600‚2465u

m· .

51 777977 7476977777 447764 ,847747 ,447777 ...1647744
⁵2 944444 ’764644 6476448477669444 477844 874 ;
67 8464467769 4484 846769 . 497769 797967 8494648461
84 888896 6776961 994496 777796 776696 767898
87 474447 847447 8479478447 764747 964447 784446

1 6777761 978776 764776 747476 8476448776 774489

878879 8477777789 747689 949687 774489 777888

58 8467677774

868844 747444 8478447644 ’776674 ’946744
5493⁶¹ 9¹3¹⁶¹ ι90961 700767 8497784888

588808) ’7789008440096900 4874900 3399491) 17711960

777747 976447 786647 664847 7477669647 497746 ¹
777784 8444699984 464784 848774 777777 677788
9889491487749 648449 8479674749 477747 86488
,8404777776 467676 874876 776676 677476 849664 ⁶¹7⁶
7676771676677 8447677677 466677 767677 776847

-ι-ιι--θ

748478448647 49 787449 7687498477777979 779748

78· 87184 767774 766774 977484. 778684 78761
79 8408679647

86 777466

161 4889791Μ 8744761 479776 784776 7877761 74488

184847 776647 8460776447 747747 96.
68466 974466 776466 7564008457552 ..

 

