' 0 396000000 399330000 363440000 369690000 368960000 373390000
3 093003 343303 473403 733603 993803 389003

’ . 3 064004 . 374404 90180 766304 369039604 336004
3 996999· 396699 937999 787399 938499 349999

4Ι 331036 338836 969636 830436 093336 983036
³.2„..-.¹⁶⁰⁰²⁵ „22123j„„„‚,933232„„ 853025 ¹²40²5 415025

. 6 393096 40939 6 634496 889696 396836 ·448096

7 = 934949- 439449 000349 938943 989649 03049

9 8 396οΜ 467664 699364 99 99864 - 333464. 934064

9 - 388083 499883 793683 983483 399383 947083
}f[.,„„ 930300 9933001 7643001 36603633.01“--388300 980300

, 33 , 393333 964933 796933 . 048733 ,330933 639333
99 384944 5 396944 898944 033344 393744 646944

13 436369, 638769 863369 3339691 386969 679369

, 14 443396 669396 893796 946996 439396 799396

,39 1 480339 699339 926225 379339 4933391 749739

36 933396 739496 998696 983866 486666 778866
37 944989· 757689 993089 344489 337889 833389
,33 9763 394 739934 3094993994 977394 339794

19! 608963 833363 0999631309763 983963

301 649499 89Ἣῌ4-4991 “

· . 71 Μο73443 886643 3398411876041
22 70448 033334 393984 497684 689984 97643 -
,91790730 951529 339799 4493431 794999 973999999
24 703976 9333761338376 479976 747776 949976
25 800639 3600396391790639 909639 780639 079639

*ᾠῷ-*Μ

“““”“839676 947876 983976 9339731893476 303070
864799 989999 389999 9793991846399 343730

339384 347984 693934 ‘ 374734
938843 344643 380443 696343 933043 ²07841

900000 3769991 439999 668999 944999 949999

93 257025024 949494 477394 734994 979999694 39799
33 097039 973689 939989 7668891 943489 349989

449364 793969 97ἷῖὄῖΓἝῖοῑἶ
· 34 989996 399996 9497961 799996 976396- 9793ςο

ΙΙ,39 949999 338999 97999 839999 509225 40⁶2„
36 Ι993996Ι 379496 5
185565 499769
937444 439944
349933 467933

 

