Ι 77444 77744- 776447 77744 777471““;6

7647447444 7777444444 7744747644 7777667444 7744444747 mmm
ι 474474 774444 «646744, 474444 477644 74644746
,4 64644 747747 747744 774744 7747447744 7444
3 774776 474776 444476 7774444476 474776 4744
· 444647 77444476477744444647 477647 477447 ,4774

77779474476. 776676 Ι474476 447476 777477 774
¹ 474744 747744 447444ι 774747 - 777444 7447
4 747444 474744 744744 ,744744 747744 7767444
4 774444 ’644444 747644 444444 7774477444 4474
4Ἰ 644944 , 744944 . 4969447747477944 - 7479441 7647

ann-mm

,, 474649; 447449
Ι744776 674776 777776 7747
674447 744447 74744777664444

’4 794476 64779 444496 4476967777494496
’ 744767 474767 477764 7746444467 · 474764
4 444444 7444444744447447 444644 1444444 7744
47644444744 7746446744 2 474744 -f 47 444 777444 ,7447
7 797644 79764ῌ49644 74644 747644 74744

ι 744447 447644 βπ· 699444 477747 776777
4 , 477764 747764 744464 ’ 474764 7744444764 444
4 646649 744644 664647 4747006647 666644 44
4,.777476 447446 7744444746 474776 744776 444
f 944477 7747647477 7666477 947477 464677 4

*⁸ Ἴ

7 7477494976 794446 « 777776 476746 ,677776 746
. 747749 x 7497ο7 464649 644749 767 ’ ’
ι 4 447744 744744 647764 777466 76436676 ”

777647 677444 , 777777 7771447 7777774747 7
747744 777774 7777447 74467744 777746 464

474444 4746447744477444 444447 474444 4
76774447447744444744 447444 ·,467744 747744
N 477444 477447 476474 747447 677647 44
¹. 306116 406916 527716 667746 447746 776744

477064 774477 679777 474747 944477 44

644446 744476 474776 774776 7774474776
774447 [467449 7446777799777449 447449 ,447
. 747764 7744444764 7744474764 474764, 4764 44

7

7694764644 mm 744447 476444] 'mur‘

4 744644 777644 4477644 777644 777604 76

 

