,1149196991 99999 ’99999 999οο’1’”’9’9999’ 1“’“999ὀ“9““’
69 699994999946949999999 6969949999 6999999949 6899129'72'1f915751921 ,

66999996944
69 99996 ⁸
· 996996 999696 446496 6999949996 · 699696
66 99666916866649669 699999 999999 994999

66 ’ 669996 99999“’““’””””””“’’ι’“““’”’’““’““’““”””””’“”””“’”“““’””’“”“““””6

9466446999999944 699444 .699644 969944
769669 676969 699969 466969 9461614119
mm}

6 999996 999696 966996 999996.
69 999999 996999 ,999699 9999996999996499 749699 9
69· 999964 94999 6969999494 699994 999694 ·‚ 9969949
696694669966 767966 - 999969 994969 499969 6999999969
9911 9999991 999999 4969996994999999 694999 949999

w

7¹ 494949 6999999449 f 699649 996949 999949 499949
96 699994 669964 96999 996994 999664 996994
99 964969 969969 994669 966969 6966669969 94966
94 996696 999696 6966699996 694696 699496 964696
75 69999996991 999699 969699 999699 4996996999999699

76 966976 966976 499 996 6999996996 699996 946996
99 496969 6696696969 999669 999969 999969 469969
96 699694 699694 969994 , 949494 994694

79 967646 666646 999649 994449 6999999949
η99 999499 9994996969994499 699499 996499 Ι999499

..a-*nm*-

99 6996949969 699969 969969 946969 499969 6999999969
99 969664 699964 4699646996666994 666964 ’649669
99 479669 6169669699 999699 999999 994999 49 9499
94 649696 696696 999496 944696 ’996696 997996
99 999669 996669 969669 966669 6969669669 944669

...a-*⁸¹¹⁶*

96 j 994996 96699616999696996 696696 699996 99999
99 6999699969 699969 694969 646669 449969 9994999999
99 969944 696944 466944 6999969644 669944 649944
99 ;496966 6694669966 996966 694699 999999 469999 .
991 696999 mmo 999999 949999 949999 576100

*a*

99 999499 949699 999999 996999 6994994999 949499
96 966964 969664 6999999664 699964 696464γ 969964
99 6996696649 699949 649449 996649 446649 6966699649
. 4999966969994996 699996 949696
’999999 999999 999999 affl

m

699496 ’999696 946996 996996 949996 494496
999999 949999, 999699 999999 6999999499 9449999
96696466966994696 669664 699664 969664
694499 944999· 994999 449999 6999999699 ’

 

