mmm

Μ- .

, 414477448914 448649944414494944449 4464444449 4494747744 4444949944
611 441144 6846441196647144 419444 141844 ’144144
64 444464 1774449 146769· 414469 “ 919969· 44846
641 448896Λ 874696 444496 16474964494646696 444896,
641 6144441 964444 448444 744444 ’ 44744·
*sb 7144461117148796
’67 808889 444489
144- 964444 444844

64 , 994461 446464
176 4478688606

174 182141 446444 896644 474841 679041 464444
711 179964 619984 9843641868784 778684 197984

m

179 , 968919 7994494497678449 ’ 464719 ’.867449 499949 '.
,74 461116 169676· 471876 446676 961476 446474

4 §Momm 464644 6466444446644644 496644’;

ι

22¹...

77 7413191188687749 449449 848449 1444949 669449 2

79 929041

474844 646644 4467646444 “444444 ’ 848644
46 4979644466 468466· 7444661 446466 446466 944466Ὶ

44 414791 4⁴¹„me ·. ]

74 4441141 449444 446884 941484 444644 764644.

8191119114 444414 911614
84 491489 649689 4498644689
84 494196), 741646 169446 ,41914 ⁴ . 1
84 ,469114 ’ 146114 164114 491114 997114 Ι414114 ’

861 484496 949796 496996 68449ἷῖἷῆ694496 494994 ,
17 679969 1189068869 8907691 778469 6699691644969
881 769344 616944 484944 671644 679744 767944

89 “ 861711 146449 4784441 966444 474944 801721 . Ι
96 946466· 9944961 67496644686644661-ᾓ4ὑ699-6-9-ν EQ

91111186649484 49764ἶ”““7“4“4ἷ4ἷ“”“4“4ἶ6“ξι 4644494 -990481
941 441864 494464 849664 ,448664 64646418447684864

891414 714714
· 461149 864949
· 496146 9641461

44 146149 484849 944449 441149 746649· 979146
’44 419646, 6784461199647146 446646 144146 ’ 474644

Qfffflwsswwss 4866141 9³⁹⁰²5Q x ;

446446 864696 amm 464446

609609 ’999609 . 818609 716009 117409 · 446869 -
· 6 7644644496644864 ’444464 844664 4496641 4944941

· 796664 446464 916101 906006 ”5⁸⁰¹ ‘² ⁷45.⁶⁰¹¹

 

