1

*mnam—m... nunna—affl

6111919996999 9186691111999699999 9979197991 991969791 9964911991· ‘

61 · 966944 -168644 · 671644 ’,6991444 199144 1478944Ι

169 611969 , 194169. 916969 199969 991969 914969 . - 9
164 . 616196 199696 961496 1-949996 941996 999196

69 769999ι 949999 868999 991999 994999 6179999(

—uuae

66 Ι 949996 199996 199996 · 499196 991949996 669996 · 1
169 999999 996119 199619 , 499619 696199
68 119114 181994 949414 999694 199694
69 883561 427361 991161 ¹‚574961 - 1773767

79 ’ 1 91199 491999 911696991 619999 - 114999 ³

97Τ-’.674141 ,918441 611641 666941 971641 -
,91 914919914 961914 111914 711794 919114
9911 9649191 · 699919 194119 791719 919919ι

14

971

, 919919 ”
119694196

116176 ,
696699 ·

,, 699676 119176 ’964676 469476

ΙΙ199699 766699 969699. 746694 ,499699

176
177
191 6 199114 491114 691414 · 994914 · 6

179 117941 111141 441641999694441 646941 966641·

Lsffloo 911466. 49466 696466 1’696466 91946οῇ , .
81} 417761 9711761 1946161 126361t432561' 3587⁶¹

1⁸²
23
184

471114 519019524 911914 ¹172324
· 919419 969919 611619 111119
969996, 116696 677496 ,964991

991914 469114 -
994119 491419ι

,871696 ., 4979961
99 669999 196999· 799994 916999, 919999 944999,

967 191996 961996 996196 969996 999996 J ’
’ , 149969 , 114969γ 491169 999199969 616969
99 949944 ’ 191944 . 119944 aadj 999944 , . 699944· ”

89 796711 111911’ 996911 494191 161911 7297213-

‚LQ„'384100 999166 ,9461 141199 7761. ,
191! mm} 499681 997111 996691 194911 v21224812 .’

’41 996864 479164 994649664 699664 946464 869964.
199 991149 ’919149 619449 691949 116649 919149

³94 5¹5017⁶3⁶ ‘5⁶⁶436 ‘135236 7²403⁶ 399896, 9616961 ,
¹95 669699 619699 191699 ,776699 979699 9996696 ’ ',

Ξ96 168416 ,697616 996816 816616, 499916 694416·Ι
ἱ97 153809' 763169 s 979669 862009 471409 , 16696
9⁸ 199204 ι748164 118404 991094 917664 147164 ‘'
1991 , ’144691 994491 964191 994961 1, 969961 1 199961
mmmm,

. N ”

 

