ποόοη 00000””1 000001 00900 004001, 00900 ’

mut-w

numm—*rmutan-
0 0000099000 000000000 004040000 006090000 0080609000 000090000 '. .
ι 000000 090000 060400 00060ος 080800· 070000
2 040004 090404 ,080804, ,090004 ,00060· 09..0 .
9 060009 070609 000009 090809 000409’ 303009 Ι ·.
080006 ,090846 000606 ’,1070406 04900 334006 , ,
000009 .000009 ’040009 099009 0840οἺ’· 399009 ,

4496961 Ι40489 497669

7 446649 ἶ , 2 ..404449 96964 997649 ·
8 060064 ’ 3 90646 40806·

- ,847480 489684, ;·

,988900Ι ,480000 , ’
. ,0 409744 8 5⁰²¹⁵44 ’
- 9406969 ,949469 ,
494996 949796 . 494996 , .·
949449. 946440 4744491

’· 480496 966696 4444969 4796969

878984 467904 460004 ζέἒξξὲ .
·3⁸⁰3⁶¹ 3⁹41⁶¹ 427961 '481761 999960

,ΜΝ-Μ490999911-η 404400 4484001 900400 976400

44 446444 4946449 4600449 94964 9 997444 .

878689. 887689 440489

00 440484 474884 489084 94368 3618084 .,
40 466949 479449 969749 964949 698949 ·
44 486976 499976 996476 984976 699776 ·
09 900607 909609 990609

, 946676 398987 974676 ζ 764476
946749 0964441 ’ ,994949 x -722329

680649

,966064 976984 644984 , ‘ 749494 099704
986844 996644 690444 , 764644 ,859841

*Q*- 606900 , 690900 784966 886800

W
600960 6970601 679960 805761 ,901966 «
-640004 6974041 699804 ,806604 1
660089 677689 704089 770889 847489 . ,
099890 499994 . 794996 868996 969406 =
Ι 700009 708009 800009 889009 986079 Ι

................... Μψωῖωοοῃφό

96 744496 798496 779696 894896 946696 ,
497 744969 798769 796469 099969 906969 09096
38 764444 779644 900644 874444 994844

99 704944 799944 097404· 094944 974744 67694ἔ .
49 800600 899600 89760 909600 993600 09060 , ,
mummi-m

 

