11 66001 ·· 6600 . 6406Ὓῖ 66601.’“”960’01 {760

-ὐ--ι-ιῡ--θ-μκο ιιι-ό..-

1971 77686967 78666766 60046666 66847666 86676766 6646666Ι
197 699974 -666664 · 066864 668764 789764 466664
89 97008 976689 069689
184 970696 ·9879569 074860
66 ,66666616- 668666

661 646766 6··6008666 6066667. 660666 ,477766
47· · 666666 :·0194⁶9 ι67666 664666 6.·461667 486666
661. 6669 944 ·060644 668644 ·766744 666144 600644
99 1,6 973521 047977 ,769777 796977 ·964797 977967

901 9841001 0976001 140100 ι 6487001 7 9767001 664100

16711 994687 066887 ’ 19969fsq**⁸³999999‘''*''999999”*''*9999699

7 769189 696489 448086
9 687096, 907896 .

17 78006664·· 076664 666664 670464 7 998864 647664
8 0¹5849 084449 678046 281649 6 4707491,678849
, , 099796· 8 184080- 7797896ψ 0478696 670496
95 097066 ·· 706079 8960061· 904679 6 468078· 687079

W

mm
196 - 047676 , 776866 706076 979776 444476 593616
098709 777609 777009 976 09 455 09 609709
- 068804 ’768404 668004 667 ⁰4 467 04 ,1676804
, ·’ ·7 146208 689006 7848807 ,478666 668407

9800 1 9900 1 6000 1 6700-’1-’ὲ688ξῖῗ”1“””“”11086“

1110 79640000 94860000 86000000 67670000 98440000 99690600

7 697607 867807 ³ 077007 777667“ 497407 6 707608

6 666604 ,666604 ’064004 ’664404 ·464804 · ’766664
’674806 846406 066006 ’646606 '477209' 767806
1 4 66646 667666 048666 ’666676 499678 740478
19 698079 869079 060076 677079 907079 797079
8 709696 760866 ’076066 686766 674466 766666
7'721244 ’796646 074046 666446 7666846 ’778648
s ’797664 904464 ,066064 607664 666664 ’7608

9 744487 976787 ·708087 979886 ·997687 ·’ 8094

70 *7967001 968700 760700 997700 ,964700 8767 ,

*7⁶7721. 666666· ’ 644666 676666 ’,6677
.¹ 779844 951744 356544 58894W ²84¹3
66 ’ 766666 666666 ’· 668766 607666 4539
74 806996· 6 979996 Ἰ980996· 079798 ’8661
79 8747691 9877761 , 393225- ,676699 3‘94

76 1 879866 999096· Ι 797796  495956 698696 89789

¹7 867486 66060887 604686 46776 ’66607966 9044
849774 ’ 922724 7761746 469174 ᾞ669974 97776
866767 034561 ·778867 447 67 679967 ’ 0707

70 ’877400 046406 640400 4’14400 688466 ’94646

 

