...dm -1-4--4-4-4-...4
’333331 333331 333331 3333Π 336331 33333

nummu-mu- *bu-mmmm ’

43113343938683 3348986383 3396664483 3363363683 337638688313377439683 ·

331 33’83631333336363 333363 333363 333163
33 3343363333 Δ333633 336333. 333833 ,333333

490964
963649 .

133336 138336.. 333336 ,333336 9947 61 633336. ’

1 ’336639 369639 348639 447639 5⁶6029 769649 ¹ s

386936 339716 438936 938336

811009 410409 489809 589209

433964 83364 966764 666364 ,

491 493663 193863 633663 793463 ,893363 993663 .

36 1 963966 6319661 763966 864966 , 963966,3378663966

931 63 33663 693363 773401 873663 991863· ’634663
33 783333 763334 834834 ·. 9447041271065104 333964
33 333333 833633 .·3131331363313833 136333 ,333333
54 844539 ,969336Ἰ Ι986336 - 686936 367736 348936 ,
915025 97663911197097011 188015

..m-cubum

8611 383336133333633ΓἼ1888ΓἚ3116 3'50336 331336 ·
3311333336333 113333 138833 300249 331633 136 333

379639 436639 1 ν

38 136363 133164 169761371934 592934 ⁶34534- .. .,

59 197381 398881 346683 443483 964383 766681
661 3676661 339666 4336661 939666 699666 777686Ἰ

mmm-*mm-

811 398333 466333 4 82521 984733 766933 849133 ,

403644 '471044 553444 633833· 774244 333613
63 333163. 331363 633363 336363 833363 333163, ·. ,
84 949696 613496 699396 798696 936 896 1379669696,
69 ” 6363181 688319 766333 869339 9933391 149339

..ι-ιμ- -n—-u-——u- 'm-—w--gmua

661 696796 793996 887136 940356 33736633961 366396

67 763389 834689 968689 336963ι439 334886 378399 4
68 831833 839333 333333 383633 336 31 331111
69 9023 363 ’966163 1398649963 353 4363 377 96 1 433363
761 9736661839168 6966 3369661 3319661 4386661” 93666 ³ Ἰ ,

fflmfflae--ss- Μ.

7111244043‘441 -107443 191891 336331 333331 963331 ι
3311 333383 338 83 363383 363383 49153 613631

· 3849 29 3493391 333 739 438339 56292 9 767939
33 2550793 313836 333636 333336 633336 333336
754! 1316111 1166 33 ’333633 38 836331 336181810631

ΜηΜμ-*ψῃ-ὴ· ‘ffl‘ffl' *Ἴ*- ‘'v-‘¹¹¹¹-

3611 331 6136 ·¹46 336 546576 6337361 3366361631176
771 1466736 933339 637939 723929 8483391999719 ἡ
73 937384 661884 688484 794684 939684 3316669384
331 633833 333611 959441 ’
868 67 06661’ 74 4 00 836466

869343 993643 139843

Ἶ““*“8”Ψ’“““Ἴ”

313 ¹·

 

936466 33736634.6611368466 , ’ , ’

