11 77700 Ι 77700 Ι 77407 1 77700 Ι 77600 1 77700

mnan—*- :kunnu—mm!

977974 460774 966774 497774 6070079774
89 ¹ 667089 9988778689 679789 6979777889 648489 799089
84 876696 788496 770796 777996 809896 990696
87 9777771 477777 977777 477777 979777 706777

*nu-mmm

86 9979779796 997996ι6904084796 987896 6099774696 . 667796

g: 997799796719987879767 6009909967 6078877967 6094997767 6049888967
907674

777769 747769 769969 877769
790744 797744 477744 977944

77 770769 747769
88 1 474944 907744
ἶ89 989977 9989097977 949777 6070097977 980777 6097778977
90 744700 777700 700700 ’708709 7967091

91 949897 966887 899087 969787 897487 489687
971 9974099764 977664 6909070064 978464 6096046864 999764
⁹³ 707849 676449 769049 679649 707749
897796 970096 878896 906496

94 767476 777676

99 977076 9860761 4760791 984079 979079 6097067079

ιιι* mm

961 677676 9990740876 690076 6077799776 668476 “ 777676
971 876709 796609ι 789009 794409 879809 979709
ῑ98 989804 460404 940004 449604 979704 878804
99 9979799407 609707 6006099007 QQQ 8944777
”“ῇ“”“77800 1 ἑ]ρ4899-[-“78900 1 78700 1 78700 1 78900

...a--u--n--u-u· *Ἢ*- o-n—a-u--n

0 6097840000 6068470000 6084000000 609967900076779740000 6790890000
7 999667 969807 796007 , 766707 896407 6797046697
³ 7 6099797704 777604 977004 977404 7 997804 709704

9 906809 877409 468009,6799078609 709709 899809
41 467476 6069099776 674076 794876 869676 978478

-n--m ι--ι-

Μαι-*ιυ-
· 779676 744876 976076 747776 777476 777670
979749 700649 6087097049 707449 774849 976749

7 6694674764 676464 748064 879664 497764 6797747704
740487 877787 404087 6707079887 647687 799497
996700 9687601 960700 777700 , 8047001 498700

m *r Q *ssfflffl

77 1 997777 60707799771 776777 978977 960977 677777
ἐ77 ’ 707744 779744 877744 , 484744 6777776944 769744
79 ,867969 499969 6086078769 640769 779969 979969
74 6077078796 797796 784796

22,‚,..!Ziiij-....3223}Z..;..}⁴⁰²²5 9997791 ,9867794-. .

76· 7798761 907076 496776 6707709496 747696 797876

77 477479 6077697779 677779 767689 899089 777489

78 641774 774774 808974 , 477974 6778099974 709774
74, 796767 ’ 970967 964967 978767 777967 869767
701 997409 976400 6087770400 7944007· 96840016794077490

”Um—ww*

87 7

760849

796996 479796 6777077796 ,

44 ,879879 789079 780079 997079 6776077079 6790791

a
Α·

., 1
1

 

