'‘mm—n·-

6 11961466661146996646 1111166666116111666619119666661411696666 . ¹

1 ι946 1 996661, 1666161 1116611979661161 791461Ι 1
1’ ·411641141161164 771664 4646114 1744114 114111- ” 1
1 111111 161161 116411 1716111 1116111164611161 1
4 661616 116416 911116 611616 911116 119611

1 171611 ..ἐ-11611 1111694611 - 111611 496611 111611

6 ·,·17141 ’ 11961 166116 191616 664116 914496

7 994849 919649 997649 999949 719449 , 441849
1 1991691164 741164 4144641161166664 ,117664 149164

9 191691 149411 111111 ,111611 914911 616611 “
161 1641661 916166 611166 1161661114641166 164166 ¹

111 ’4161111141661111 114961 411111Ἳ9111 ww:
11 116144 161144 141144 ,114144 446944 911944 ῑι

“-“-

11 611161 171161 116161 641161 1117611111116161
14 111716 111111 1111611116 141116 466116 111716
111 1961111 419111 1611111 111111 161111 961111

’161 141616 191116 169616 9611161 1691416 - 461616
1714916649689 701489 1711196164669119· 111619· 116619
Ηξ Ι 619114 411714 116114. 111914· 611114

911161 1191611 283361¹ 997161 71999ῑῖ

mm
161961

161416111416114111 6164661 116466 ²⁸⁷5¹⁰⁴AEhffl3

. 414141, 111641 161141 Ι417441 111641ϊ1411411 ⁴

111114 111614 116614 664414 1111141111911114 1
11 987719 941319 1614016919 711119 ,416119 mm}
14 794176 441976 111176 111176 111916λ 161196·

25 966611 111611 113111 Μς 646611 1916111

‘'²¹¹'‘ -ufi--ae

1941661696 661116 = 337476 1161691616 14911. 499994 3

- 111111 761919 444111 111719 111149 194919·

. 119114 171114 111114 146714 9611 69191·
19 116441 911141 611641 1111411176669641 161441
4919661144611966 164966 466966 ’17696 , 9119

‘'m-*Q a—-flw 1

11 111161. 111161 171711 ,161961 .1141;1ιι19961491.11.
11 641114, 166164 971614 611614 ,191414 111114·
11 711119 4616991911611469, 711619 -491619 1911191 -
34 818716 111116. 196116 . 119116 661916 141711
61111 611111 116111 ’996111 111111 4461111

11......1........

161814071696 111196 4666961166161116· mat 1176961 ,
11 111169 111161 111161 116161 117161· ·· 6611611
11 114644, 141144 611141 111444 6771111644 mmm}
39 9911111141641911 116111 414111 14114711 1161111·

χ499666 1116661 119666 111666 ’1496611Ι 9676

x
1

Ι
1
1
1
1
1

 

