1 11000 111001 11100 114001 ’114011 ” ’

unna-num

1177611176117761111181177164746110710419111117111110481 7119901611-δ
111 1117647761611161 61616· 101161 117164 611764.
111 161141 ’111141 1170411 4116411111161141
11 141116 1647167717661416 661116 141116
9000091 941004 110001·199004 ¹ 911009

860841
7140611116 ’

460 017009 ·

61 7761698116 7171161 196916 nm}
70 074009 696009 ²5330c9 1904091 171109 9710091

mmm

1 41616411776661164 711161 161164 7111641764 1741161
·9 606401· 046001 116001 944601’ · 009601 909401

90 100900 401900 7711061900· 71 900 ... ..ι-μ

6100 671661 696601 619001 199161 979401 079601
11117711111164 771461 411161 7106071164 716164 416764
111 116161 111101 111661 111611 111111 611161,
141 16611617711171160 761116 4191167114111116 110916·
6611 611611 104066 949009 6060191 017009-1961009 .

›mmmm-*turm
1611 1111161 41611617111111161 7117161 4611167141161116
17 7714611141 616641 11164 111441 640141 ,1141111
11 111164 111164 1741647167116164 117761ε111164
ῚΙ 6174867771607661 611611 110111 994611 696411
969600 111600 . 107600 ’419600 7609171600 873600

= , 711711 1611117116164111 1000411 1414117141010711
64 161616 116116 ’ 1116660 116140 179190 ’ 111047 ’
61 4441117171667111 716111 1711117116040114 74119

66
67
⁶8
[gg 324900 946900 690900 ²5⁶90⁰ 946966 644900

711 9010417774109041 · 4166417117117141 100041
71 617114 161114 141114 410114 614711 111114
71111111 4771117711111111.717161 411711 7141116111
74 7717611176 614116 111676 761176 641676 611476
¹ 0096090 830625 479609 7110140601 109619 910609

*tm

11177677716661761 611176 1171767111061176 767776
1171110 1111111 1111140 114111 171111 1141110

716411 4111117711661111 716611 416611111111141
171614 116114 111114 161414 117611 116611.

616116 141116 116776 147116 111116 91111
077961411611 777961 4161617109010161 761961. 46’7761

669664 670114 616414 7146061014

1711 714614 7791009114
,79 0 910141

’8017798086400

Ι61141 147641 111441 111111

11140617111614400 710100 Q

946041
710400

 

4⁰⁶5⁰07841¹⁰²50⁰5 .

