¹ 11- 99896 ’ 99999 ’1 ’94699 ·1 94799 3 ’9499911-«94499
47 8699449987 8648694489 8646897689 8674949887 4694884987 8779449987
4]1 676964 679464 877764 479794 98446769611] 766964

867649 467649 999849 677449 69764 969649
1418896998446 487746 8697789946 494746 4444468784799446

14

94694 774994 479994 997994 64999 989994

4497761· 9989ᾌ 998776 8676977476 876476 479786 ’ ,
71 9469 7847744869 7441441 967669 86996779441 689469 ι
797764 8767 996 949964 6899 649664 7

911 996667 9766668698776467 746797 476997 8714644899
9ο 8697799499 769499 469499 999499] 4694991 799469 Ι

961 768767 898467 499967 7677767767 747697 467467 ,
796 497964 86466747 674764 699764 979964 999964 ·

194 1] 679669 9664661869899 ]48749418646779999 789699
941· 864476 446776 8699646976 66777 468476 969496

441186169479741 649994 944994 844994 49497418774946994

961 676976 877976 479776 9677646776 687776 747776
479449 8647479484 694749
98 668764 98976711 7974641

ff, 797 7777 777687 977487

999687 947987 999889
QQQ013⁶⁶0¹⁶3⁶00 785 669 μ4776991877698 9699

67 8664764497 747497 449777 977997 674797 976497, '
169 9779411 977444 979844 867979864118666441 467664 , J

4η6466666 7664

67 97676 6646779969 767969 764769 987767 679769
64 797496 464996 968996 449896 8698774696 846496 “
691 968994 497999866 7994999 7779741 469979 8777994994

68 464444 8643049024 649694 976994 97989
69 647767 94496 9 848767 469467 8699996467 779767 ,,
70 499999 86699749991 648999 797969 946999

161 668784 796784 797784 8677677484 669784 776784

3 ’979689 864989 4664898689989889 74498

641767494ῖξέῑ““““677ἷ76 786776 967996 9467911 669996 ,

976649 868949 529449 ,

9 796669 ·
585 5424 ·

77 794679 978779 987769 767979 796979 977779 , ’

9796766644764676 769476 494776 8766649976 794876
1 955625 580625 999699 899694

761 18664747776 766976 47,97 618799977476 -
77 8676777669 766969 767979 997969 996769 664769
78 499884, 9984 474684 8687749684· 989784 449884

79 968647 8649694447 766747 776947 777747 677847 ,
89. 694499 9864691 886496 479499 8767748499 894496

09849]

8694999647 696847 9779471 844949 479447 8788744649

“.

 

