, ' 11 970001 81700 1 Ι147001 85 00 974001 167774
’ 44 7747776444 7447414641 7464611144 7474677644 7446747441 77777444-
· 744484 714884 719484 841684 911684777104411
’ 47 ·446744 444144 ὅ444714174116147447447611444 77174

·74 777908077677460971767761710776 794976 719776 354555
‚25 476647 467647 766647 7776471 4407411 52581

W

2⁶ 4466761 4778761 474676 446476 664476 79777
’ 47 446744· 646444 644744 646446 772323 5555
47 766784 776784 714414 767714 747474774101471
19 9166-’41 946611 98444171114184417448114641 709141
101 72 107009οο 7447776900 77647779001 708900 7149001711447

14 770967 187161 111161 179461 411761 411161
· 32 441034 458424 491874 970174 ,676677 77177
’ 11 6710119 677689 664689 716689 897488 6894611

”·14 ’781146 797976Ι 874746 891416 96316676666666

ἶ ,19 617977 649177
· 40 907600 879600

35 977777-9687711776100777177870677717799779779 718771

16 77177Γ47907748718496 777696 017996 170096 407711
47 4-44767 761764 746467 467767 414464 771714
77 4⁶¹448 474444 446644 774444 644844 74741
687777 744977 877777 97091

817606 977600 99160917177717171

6

44 411746 766746 774776 478776 677176 7747
471 6446471 674047 710025 76907 841044 5575

Ἰ76 977776 847176 880536 919776 7107078976 7178711111
,17 997709709007760977670170097184770104 189800
, 48 7411464744 1149114 144744 -148116

711744 776447 764646 447644 416444

977697 989997 7766078087 7787086797 7100764481 7171
7471141764 7449460641 1417141 476911 7747141 4771

’ .’ -= 44 7714411 771464 744664 474444 114804 5555

50 5oz5c0 1777001 167700 6771776 76770 ,161

’111 677607 6978071 711007 771770
γ14 744764 167164 9411764, 96446471114644744711911111
53 7111077907 7777011409 7768074009 7491714609 771709 111111
58 ι’·97976 701746 744176 1171176 186776 41691
7171111771 174077 415025 476071 117674 ,
44176 744776, 717776· 646776- 747416 .
⁶33243 714645' 746647 117444· - ,1017447 74111111
661164 884964 ’916164 981761 7101069764 7146111161η
ςξ67711011411177770777117169097687 1686148887 ’040687 141161
601 701600 7716001 767600179600 477600 1116,

 

