13 63 1661 1663 166 Imm! 166 316663 166

41 1661 19661 96961 116161 194461 191661 419661 949961Ἰ
41 1164 16164 11164116164111164111164411164111164
til-1444 16441 11641 111641, 11614131141413 411441 111941

1936 16736 59546 116336 197136 197936 4147363 ”sm

’ ’ - {45 19193 11919 69919 119919 1960 1970141 41 66116Ιῖ66046

’46 1994 11994 61994 111194 199794 999994 419994 999994
49 141113 11191· 6199

 

991491 411191 961991

1116 11916 69916 119716 196916 196116 417916 996916,
3111691 19163913...]

47 1199 11699 61999 119499 199699 199199 4166 09 996999 933

1999311999 61999 111999 191999 9919993, 411999 961999 3

91 1691 11691 69991 1²3².0¹ 199491 999691 419691 964991 J
11 1164 11164 61164 111164 164164· 164114 411114· 161164

11 1161 11411 6461111461161161161161416411161191· ,
. 1916 169716 64916 119916 196116 1969163 417716 966916 ·
99 9919 14919 699193 3116933319 1979193 39969193 419919 570025‘ 3

16 1116 14116 11611661116161116161116416116111111 9
γ11 1141 14641 66641 111441 111149 116141411641 111641;
113 ψ3411164114164 6,

9964 14964 66964 116164 199764 911964
43428'4 676661, [-

59 3411 2518! 67681 116681 119661 911461

6933 9699 -1339-6393133-673633993-331393999 111699 919699 419699 973333337333-699,Δ ³

3 1 9711 199113 661113199911 111911 114711 496911 979111’·
‘ 1644 16144 61644 111644111444 1111444111441191441

64 66116 61616111416111116111916441116111616ὶ
x 693 4119 17119 79119 ¹..³...3²²5 116119 919119 441119 969119.Δ 3

 

4489 27889 71139 114669 116969 911469 444669 966169 43

4⁶24 28224 71424 111414 111614 111614 446114 5⁸⁹8²43

4761 16961 71961196161

119961 919761 447961 991961
4999 16999 7199 196999 1199993 914999 446999 991999Ι

4116 111163 1131113633 1111163111116 116116 441116 116116’ἱ ·
37ο 9941 191413 73441. ,1976413111641 32644175‘0241 994441’ι
·· 1114 11114 11114111114111114111114411114111114.
, ’761 5329 ²9929 74119 169119 116711 116119 491919 99791 .·
‘'74 1416 16116 116161111161146161114164141161116161 ,

75 9619 9961393 796193149619 119619 999619 499619 6996191

*ψη-με* ’

3 766176 141976116976 991776 496976 691176 6

349 9939 16161 61161111161114161116161411161111161ἰ

 

16111 146111111111 111111 411111 6611113

71641 149641119441 999141 461141 696641
764993144499 1994993 996499 461491 6964991

11114·- 141114111414 1141114 411614 6311131143

 

 

