Χ
’ 6
ι N

33 ’44400 3 44400 Ι 43600 Ι 44700 45822..5„;.5⁵⁹⁰⁰

,44 3669667444 4674464444 4643474644 4696469347 9099464644 4463793443, “ ’·

,44 444644 444434 366434 464434 649634Ι 496634
’03 ’·046903 343409 ’60446009 3907099 747309 944949 ·’ ,·
,04 339776 434476 349376ΙἸ 644076, 343976 4439649973
44 430604 404604 Q40⁶ 4 774604 930604 004603

444476 646676-’9 794376Τ 367076 4466644ιῆ, 497476 ’
07 600309 707709 603309 346409 003309
,03 703064 ’796764 304334 0094049934 464444 944434 .

,49 794644 ’ 439343 46 4664644 145441 397343

303, 374760 00 970703003·’

94 4664666644 463644 ²¹

33 037463· 034083’ *,3760633 ””96’7439 663339 346439

34 ,046346 344046 0* 460936 490740 · 744446 930346
···-4339225 436043· 343004 690004, 3470044466644003

963 430096 407096 044496

009309 ·
473040, ’· ’.

37· ·300909 60’3369 734769 8751652501030544 ,07949

33 644344 703344· ,307044 9⁶4⁶44' 5¹²2¹44 4,99344
39'702721“800521'918321 3093096373 213'9'21 391721
40 6ἰ936003 390600 0033009600 0 447466, ·’ 969466 433664

41 334434 933633 466333 *W* 3972'4'4 575441 .
40 974364 0074073764 094434 330464 444934, 439944 ,
43 4664666449 464349 333443 444649 436649 749449

44 047036 044436 *374736 403436 670336 340336
44 044004 347003’ 466004 664643 ···-&0²⁵ 949644 ·-
46 336906 436000 447306

47 449309’ 409003 ’646609 733009 947409 n 6309
48 520704 600304 733904
49 644644 700400 ”330000 974664 436303 349603

ρκ’-,764466 363466, ,9434634699664469 ww

51 793401 ⁸93⁶0¹ ²0840¹380¹ ,034663 ,944363 494463
30 364304 364704 434464 444464 464964 436964
33 373003 0073073609 0 90403 397909 ’497669 673469

696946 3447464444944946 '1 ἰ
3994643363699464 433704 ·

34 0066066006 066933 437706 443406 439946 776446 ,
44 347644 343634 979634 443644 ,634634 363644, x.-

mnu—m

46 047936 470336 600436 7707363 943936
47 336649 440049 400649 703049 364449 4444044649
44 409704 430364 640364 ,744464 946004 437764
49 446634“ 634433 744433. 336634 446 7334 649634 -
66 ,,344666 749636 394666 977666 99366 9446 ·

 

