21 0777807040 0400000740 0404007640 0470470840 0740704040 0736478040

’ 22 · 888684 · 984484 - 046884 ·, 080084 6 889684 .’ 76608
² Ὶ687 -6 868000 .· 067700 6 078000 ,ι 000700 767700 .. 740000Χ
64 699676 ·· 994776 ,669476 644676 ’6 996976 ·- 970704
67 0900077040007607 040607 ν 077607 470607 · 505525s

’ “ 07 000800 087760 007000 778709 407000 660700
68 6966660684 . 668984 684884 869964 969984 766664.
· 69 ,694646 649647 669646 466440 997646 708646

⁶ · 9 w¹4 0 686676 070876 707076 460076 677476
7 7 696966 496966 588900 754555·¹

30 084960 086000

670004 ,808664 7
688889 860480 7
769996 896096

86 · 646664 640664 799464

’ 88 677489 074000 700670

’ · 84 668896 807876 400076
35! ι79664 886664 478666 900007 7470077 004007

498864
677669
98770

ἩἻἨἯΠἻΞΤΤἺἯι 77876

Ι 76 070006 767006 48440.6 “ 600606 778898‘4 076006
97 966969 860969 069769 699669 666969 987969
- 88 886844 469444 547044
2 ¹ 460521 778700
400600 600600

866964 ’964964 · 7607074
847649 070000640 070040
. λ878886 , 070776 007076

. “’”’678667’”’“’797866 ””“076706 007 7706“’ 774006
799509 768809 868889 007400 706800

746864 899964 000964 699664 808764

776406 700000 048070000 000800 770600

7⁰2500 ⁸025⁰9 966906 060700 000700 400700

WWWWm-m—

'‘f'733461 88 3⁶01 077300 994591 074000 474400

² ' 764864Ι 864794 987664 009964 '''''255'904 400704
. 799669 ,699669 ,649666469 697669 967669 498669

- 80600 006976 047706 088706 740706 770000

· 877009 9780077 070007 000007 730007 760007

Wu-

””’969686 ,06686 696086 4667467 999986
968849 6646666449 646649 664649 444449 669849
· 949764 076064 076964 064964 476664 6977 64
5 „· 080680 080480 204281 746080 707886 680686

h :60 4700006007 0076007 07.7600 7770407 539800 -Zjssfffffss

 

