1 84400 83300 83400 84900 84600 84700

Ἰ44 1694966908ἰ1ῖ8667ἷ6ῖ6ῐ1ῖ86ἷ6356861697809868ι 6999846884 7044999084,
44

44

440464 444464 467464 464764 4444640. 744464
44744 6446044646 744444 444444 6446444444 440444
464446 44444 404446 444446 444746 7444447446

¹45 740049 489049 6964068049 767049 486049 225025

441 446446 444746 , 444446 444446 644446 444446
047 6990064009 744409 404809 6980404409 .840609 960009
48 449404 849401 9687041 464401 977901 727504

446004 6447044404 744604 444444 64447444444 444044,
Ὶ90 964900 444900 9049001 604900 444900 *70440649001

’94. 749004 489404 6964069404 7696041 489804 440004
44 444444. 444444 446441 446744 647444 447444
53 16944064009 744609 404409 6984404809 824409 969009
54 448946 889446 970446 470946 994746 744946
44 44444416444046444 7474441 444444 6444444044 404044

46 *mm

561536 ²²273⁶ 904946 609446 44644617049067946 ,

744444 444444 6964074444 774444 444644 444044.
44 444464 446464 447764 444464 000464 444464 ,
9916944064084· 744884 4046846984906484
oon 4476001 889600 474600 474600

848484 870084
999600 747600 Ι

494444 6949096444 748974 44074416999404944 909444

¹62 960644 223044 909444 607844 440444 7046074684
64 747464 444764 6466074464 774464 444464 · 444464
64 444646 446446 444446 444446 664446

Ἰ69 6944060449 7447491 406449,69844094491 8944491 575225

66 046996 449996 474446 476446 444446 744746
444444 6440046644 740044 444444 7000466449 940499
444444 444449 447444 640644 444444 7447477444
746464 490466 6967074964 777764 904964 2453 464

167

68

69

'70 894900 996900 440900 944900 6649001 412900

74 6444044444 744644, 407444 6444444044 446444 940944

74 444444 640744 474744 479464 7004044484 747984
444444 6444047444 744744 446444 490949 949949

74 999076 444876 908676 644476 486476 70480840761

74 725625 44464 5 6464074644 740644 4046441 4406491

494476 4474 4·76 444476 947776 674476 44447
6444444744 744444 404444 6444444444 4404 444 444749
44948 890884 976484 282084 7002007684 763484
444444 6444047644 744444 444444 479044 000494

448400 2244oc'5104oo 646400 342400 7049088900

6

44
14

 

