’ ψει-.4366.44-.6ι.ι-6ι466-6646
11 53200 333361 33433 Ι 22⁰⁰ 1 &Q

13 3838864963 4849933363 386631386Ῑ-ἷῖᾆο933963 3883649363· 3893898863
8² 333334 633334· 334334 3833333334, 333334 333334
3111119378683 ² 744683

84 384696 833496 ‹ ,
83 19]]39 1 998339ι 836339

333336
3893643369
348944

396933

. , 364366

631 636633 993333 2⁸7081 999333 73 444 433683
933846637364 769664 394664 3899363464 83 864 57⁶²⁶4
343346 333443· 333643 333643 338343 616343
9411396436 939336 668636 336886 6888348686 894416

337639 4893636639 739639 434639 3 3639 63639

46363 333836· 833636 933336 366486 3894669636
976369 3396 69 939669“ 638469 3678 9 337369
67686ἶ1 346464 3863696664 749664 4793641 334864

334463

383463 491361 343663 893863 983663

1133336133636ΤἯΓῌΜ

6113894446666 3969336666 3936666666 4936836666 3937646666 394349666
3 947663 337863 368663 938363 748463 998663
2 699364 439664 336664 3937636464 896864 767364
3 363333 333433 .·334633. 334663Ι 3 3333 333333
4 836436 643336. 433636.· 343836 3938673636 ’934434

978639ῐ 74 639 946639 393639 · 193639 3949633639

6 3333333336 336336 643636 436336 366436 343636
7 333346 364643 336343 363443ζ 368343, 333343
8 366864 ’3966673464 864664 679664 967364 338864
1 9 , 468483 386383 973683 783883 637683 463483
ιο 1 936366 388366 3917686366 8933661 734366 976369

0*

33 633733 399933 388333 3938666333 833933Ι 684733
12 333344 333344 336344 338343 ,
ι3 333666 633363 464366 336363 3333343366 “ '- 663969
ι4 646336 63336 333366 334366 333766 36
ἐ13913896694339 837339 636339 433339 366339 2? 339339

ι61· · 338336 3434361 334636 333336

1

1ι7 369489· 967643889 836389 649689 481689 336439
33 Δ 333334 333334 344334 333334 119111 3111111
20 , 993496 366466 1 369466 974466 , 863466 66 63 66

 

