996991 999961 699991”697991 69799 69996

77 1777Τ77794719799776747 7697779146 9664774647 9676766747 7676676947

,771 677664 646964 649464 694664 669664 746664· ·
79 797979 767979 769779 777779 699777 7447797 ·
74 979976 667776 779776 697976 999776 964976

79 55-Lw9030625 9997999679 96999996791967997967196779996799619979967

71 799776 7794161 779676 79196761 7779761 776776

769979 747779 749779 776779 7977791 746977

769764 967764 969764 976964 477964 467764 · ‹
7911 799747 ’467947 479747 96647 777447, 766747· ‘
991 6769991 694999 6999179 676999 696999 7969997

971, 747767, 7747671 7799671 7977671 779967 679761
171 7677 744674 647774 777474 699674 979774 ·
ὓ] 967εῆ 964479 967999 97766996769747699649979666

7769797776 9197974976 9694967776 9679997776 794776 797774 ·
77 , 7797771 794767 799779 ,776779 799779 97777

9611ῖ· 776796 774996 977796 996476 977696 47767

911 466769 449969 447769 476769 496769 77976

97; 776744 767644 767444 779944 676644 674

31] 797977 649777 667777 699777 737121 79497
671699 699699 697699 679699 697699 97969 , s =

47 9777944964 7797949964 7697947764 7679996764 7769
774649 769749 767649
999796 777796 776791 ’

994996 769796 767996

474979 4999791 497979 477979 469979 9717071Ι

141776, 977976 977776 947976 969976 ⁶3971 ’, 1

669499 647699 647779 667699 797999 77940 ·

719794 7677941 767994 767994 677994 11911 ·

997697 666697 666466 906606 946997 9647997119
10147797799919994997999 9696997999 9676977999 9699967999 77799 =

..ιο-Μ

1871 747797 177497 777697 7476771 769997 741707

4¹ 64’17671’679467 97767711111111917171171 976977 764799676,
x l 779449 779949 777649

52 767994 747994 747794 769794 991994 1411 .
91 967699 967799 967699 969499 474999 ’.19140
54 4111 997976 467776 467976 999776 944174 ⁶0531

5555 *ΨΜ-71717379 699979 674979 669979 77697

199 749796 777996 779776 744976 797776 747794
77 769449 647749 647747 664649 996949 96744
mm] 967764 969964 964964766797676496479797δ

79 9769979667 6797977677 7697969467 7669797767 747977 797777
797699 799699 779699 767699 17140

1, ,

69 77969

 

