4 19919911 91411111 99994911 Ι99177111 97999111
’ 919444 491114 994144 196641 199944
941969 499969 999969 916169. · 191969

· 967196 499996 ⁸. 191196 999696 191496
916119 4191191 411119 999119 911119

699196 991996 491996 994796 999996
6 614919 919419 499119 194119 197619
61 649914 946614 499114 419114 977414
. ⁶9 661961 969961 419961 -499961 . 199161 916961
96 6199991 914999 991999 49199· 416999 499999

W-W
7¹ 699141 664641ς 911141 ’ 491441 496641 416141
911914 619114 949914 491914 ’496994 1

. 997719 641919 966919 911919
996696 661496 916196 991996 ’ 499196

· 999619 · 61661 669619 · 996619 · 919619

“ 7911176
111111
191414 991614 , 994114 1
191441 767141 611941 611141 994641
179499 776499 91466 641466 614466 6664 1

⁶ 119961 . 999961 ,911961 ’ 694161 616961 ’
114714 ·941114 617914 199914 6499141
191119 ’969419 797919 679119 169119 ¹
199696 ’ 779196 916696 699496 - 616196
191119 999119 946119 9191191 966119

891196 111196 769996 991996 916196
919919. 197969 1919969 991769 946169
919744 1999114 1194914 971944 9961

941911 176711 114911 991911 916111 ,
961166 196166 144166

91 979911 919111 919411 169611
¹ · 691664 91666464 f 914114 . 119164
9 119949 919649 Ι994149 991149 ,
94 196996 941196 999196 -911496 ·

119919 964919 999919 9411191

, 194616 ’ 619116 94611496 961696

Ι , ·· 199669 161469 . 691169 911169
99. - 111 ,1116 . 691164 996464 966664
,9 -191661 146161 , ’696661 ·· 616461 9969611 1916661

 

