*ἀὲ-*ἕψω fiad-...4

mmm 1 674661 67966

mm -η-ι-κι-σιι mmuh-uun·-

11114491814441 41011186414118667841 4181117141414119114141191181441, ,

648484 964884 797 484 497684 776684 476484
’87114494684949 497779 9777· 9 786179 866949 799949Ι
441 776976 6971764979666176· 520576 999776 496976
1111 7966791769649 7666791 69964911916196679 679649

uun-hu... mmmm—nun·-

761 474676 799776 777676 7,961761, ’167Ϊ7761 766676
771 6787794966694779 469949 974949 466949 899749
181 ··77777·4 -767174 667787 171167 9187 777787 4766676714 ’
79 886747 864647 777441··7”·94’44“7Ι ,676647 769847Ι
861 4491 1676966 496966

’Μ

871909 ’8189091 ψ’.ὦ-,84649661 3⁰090⁰

7111 189674 767774 777814
771 441619779676 476776
11411 777776 777971 476176

111 . 69744914967768779 54 7414184664749 479449, 976119,

7911197747674677 777677
777187, “ ,169189 766689

971 794967 5TWT 464861 919761 411991

¹3⁶ 849796 447496 679696 79689Γῢ* 674696 4967777796

1111 919119 376765 814169 171169 148969 446969 .
3 4494699444 977644 9486”44 4091114 881844 ’181444
87 777777 647771 4947677777 746977 7777677747 976947
746 7 366666 779666·· 777666 ’679666 797666 697666 ·
1471 499687· 979887 994687 876787 488487 786687
42 6797647768678777 476764 974764 477764 977764
41 761746 777479 6776494717677677 778749 7764676749

44 897776 176776 777776 774776 677176 797116,
49 4491011011 411011’89011111 149017 ’878679 977649

46 766776 989776 4947644976 489776, 967616 462116
47 766769 779669 779669 678469 4776677767 797769
118 474764 877764 777764 ’777767 477764 717464

9 967467· 988467 448667 187867 467667 869461

96 7679664969774966 9679664916674966 502500Q

5¹ Ι 176667 776161 697661 777767 677467 717667,
171 976764 3⁹1104 817764 191961 777764 774764 ·
53 4776767867 777469 966667· 476667 767766 ,·467767 “
54 478976 699776 4779766976 967976 4996644776 542916

867196 944196 847196 -“

771 177677 797677 777677 676677 777677 ” 671677· ·

59 769481 771787 771681 774777 ,777677 777477

761 ’767776 978776 769776 776776 777976 777716 · “
77 6477774776667649 764676 767447 , 1411471 941747 ,.
48 777764 ,·776767 678767477776676·,“, 7877644764677764 ·· “
66 4497649666 ’469666 967666 969666 897666 797666

 

