Μ

’ ἷῖ”““ἶὶῐῑῖῐ4ἷ4”ἲῆἦῖῐῖ4ι 76977747 76674474 747776474 76647747

073284
696779

799684.. 996684 674884 888884
777779 946779 647777 776777
- 74 f ⁶34174 787776 · 967 776 677776 777776

767677 976677 6776 77 7766671 777677

47 676677

’ ,76 667676 9777764 997446 6976764. 467777 143076
77 ’687777 777977 77674779 7677794 477779 777479

7 44 9 ⁶41284
² 74 ,, 677779

¹* Η8766 4 89664- ,’ 8466 4 8766 ¹ 86664 8766 „nm-*¹

7687764

· 78 679784 777774 677774 776784 44444¹ ¹77⁹84
’79, 976447 994747 648647 743841 499647 7994444

' ’ Εἰς-9947966 977966 664966 766966 476966 777966

789768 4677674 687767 777767 4947674 796967
767874 477774 698674 7⁹504¹ 777474. 747774 4
, 787789 ’488889 779489 877689 978689· 769789

797776 477776 777776 777776 747776 777776 4
879779 472225 749779. 8467774 769777 300225¹ 7

.·......·..'.„.......

'94888 64 ’,7666961 869796 ’7864967 977696,
964969 786969- 889869 897769 335169
· 77 7647444 444744 799744 897444 677644 777644 ¹
· 99 787777 997977 77 6777, 974777. 647977 '3'70121
· 40 877666 777666 777676 7776664 ⁶45⁶00¹ 5474003 ¹

’.ψ-

· 4¹ 914081572281 696487 948687 6668874, 469697ζ
, 3 47 ⁹³05⁶4 588564 767764 767764 674764 477764
.· 7 53 947449 764449 774747 787847 767447 446649Α 7
· . ⁴ ς 74 967776 677776 767776 997776 777776 457736v
· 677677 7776771 77677677 776677 474677

ιιι-ι·-

. 677776 774976 674776 7777744 497776,
¹ . 677469. 977869. 051209 776669 976669ἒ 4
679764 768794 677764 787764 777764
705804 385601 085401 805201 545001· ’
· 777966 467966 767966 877466 562500 4

“ 499767 479467 779667 899867 9866787Ι 4

-..777764 476764 776764 777764ῑ 7 797764-

· 777679 477779 777767 774467 677769

'7853i6 476776· 776976 797776 697976 ,
145025 806025 487025 788677 969677 6.-7--6679

„W

767776 877776 767976 767776 ,976776 667776
777649 849749 776749 777747 747649 67764

967964 ¹! 767764
978281. 976687
797666 777666

774764 776764 777764 777764
777687 877887 . 554681 ·256481
777666 879666 · 571600 779666

 

