ΙΙ 4600 Ι 9700 4 4800 Ι - ’9900 Ι 7000 Ι 7900·
-wm—m-w·
444 7697884 9044084 4489484 9767484 4469699 4994989·Ι .
444 696464 644964 494964 774464 469764 994994, .
444 699449 6486494 4966464 779449 474449 444444.
,44 764746 644946 466446 779446 477946 4997499
49 766649 649649*, 464649 784649 994949 9990444

w*-

4461769446 648946 4677464 786946 999999 994499 2
’47 744669 694669 444469· 796669 496469 994994
48 749964 699964 449464 794764 494464 99 44644 .
49 ’.749464 699664 448864 798664 494469 999449 4

ἶς’-*777909 067900) 477900 807900 707900 677900·
,97

ΞἾ) ”w
:.2-

53 779904 069904 479904 890704) 790704 6444044

744469 674669 444669 444469 444469 9444944
94 448646 6497464

223025 644025 4

848946·
877079

076996 447996*
¹ 080079· 449079

749746
749649

mmmm-Qum&-

7444464 644946 444746) 849946. 447944 949449
749649 647649. 448449 449849 499444 444449
ΞΞ)748964) 696964.. 494464) 844764) 449494)

’ 769969 468469 476769 894469
64 76889 499696 474496 897796 6

66 774446 449449 479744 ⁸⁶³²²⁵--..'.......„„ .

.· 2157551· 481956 469496 9944.““““““4“’
477789 4489689 869669 ’ 9694999-
787774 979874 489444 8736641 676644 700774
799964 479464 497969 876964) 486764 . 1

...mmm 997900 4969οο 880900 ι 4
79 797749 446449 900644) 884844)ΜΓ ²⁸9041, 7*†“324¹!

758925 704474 463974) 845521
764449) 464644) 467644 84944446

74 794 584 639984 964486 888784 794484 777494·
74 799949 444949, 968449 694749 497449 74944
74 807776) 747076 944876 696676 664476,6 776779

&⁰5⁶³ 15062m5625 900679) 305325 3
3 .

969976
969949

969976) 494474 949476 4697 76

847479 997779 974979Ι
899684 969784 976884
. ·)849644 · 464844 946644)

80 977400) 468400 994400) 9704

 

