4 4¹ 257313⁶8¹ 2⁶053¹881 263270081 2⁶20282813 27030648¹[ 088399ῐ88
-42 . .3457⁶4 464404 400464 060064’ 000064. 607464
47. 1 - 377849 596449· 0 844040 004640 07004οτ 670440
44 .. 409008 608706 · . 864446 006006· 404046 400006

, 44 4440491 444044 000004 040004 .4080041 744004 ·

φιν-ᾳ-

,474446 693946 ’.944446 494746 470946 77044
400400. 744600 064000 004400 400800, 804000

- 444404 · 447004 007404 ¹ 044004 406704 906004
470404 ‚ 790201 064040004 , 486804 , 469604 , 869404
604400 822500⁴ 064400 444400 6044001 904400
644600 · ⁸54³01} 0950011 3552015 ’ 604404λ ῐῖῖῑῖἷ ,

444704 , 447404 007404’ , 087004 668004 068704
- 460009 704409 474004809

790946 , 944746 494446 . 444946 744446 044946
780004 · 084004 004004 . 486044 467004

794446 064046496 097996 448746 7499461 -101136

698809 ,949409 440609

407040 · 048640 000040 440440 ·404840 004040 =
, 48 440064 , 080064 800464 “ 484464 864764 467044 « .
49 4 800484. 448088 844084 ’ 46884 808684 400404
40 - 7494001 , 444600Ὶ - 484600 640600 040600 449400 ·

Μ ι-ι--σ-ι-
955721 477944 440444 684944 964444 ’ 466744 ’ ,

44 947844 000044 440644 704044 007444 000444

49 444449949 040460 484060 747760 070040060 040060

⁶4 ¹ 044096 474896 447696 780496 064496’ 966096

⁶5 084225 007404 440004 840004 0060041 000004 ’

*fin-*mmm

4011 446446 04044 480746 844046 000046 494944 ·
4417 444440 040880 ’644080 878680 060080 464449

⁶⁸1 440444 404004 647804 000404 004044 · 404444

441 444764 446464 680464 944464 447964 531761 ‚ 3
70ss ²44900 468900 744900 076900 ’ 460900 464909

ἠρκὼς-*-

· 744 0770401 400044 744444 044009044 499044 44044,.
’ 741 000484 408484 477084 444444 444444 . ⁶2¹,34
341329 5⁶5929 840409 074449 449749 444449
’ 070446 408776 840076 407446 994474 44-444

6906441 874644 4406441 4446441 740644

75 · 404644 ...*.4,„‚...‚.....„*....„.„. .,....--.....„...„....

Μ
1 7⁶! 435776 6649761 908476 478076 44847( 764746 .
ᾗ, 7⁷! 449949 694040 040700 006000 400404 706000
747684 978084 098884 5²4484 830084
760044 464004844 474644 497444 060444Ι

790400 ⁶ 038400 - 8044001 4904001 ·“ 896409

Ι 991 ’ 404084
ι 701 404040
3 80} 466400

 

