14Ι 4947498944 4940999744 Ι499474494419ω9469444 4978447944 4994999944 ’
⁵² 444444 444844 846444 49464 4446 444444
⁵³ 1444464 444469 Τ944469 446469 484464 464469
141 649446 484696 4644464846 844696 646496 494496
’44 1 8664441 469444 .1444444 9444441448444 444444

1611 444446 646446 4491464688444496* 464946 644446
14114644484484 464489 486869 446489 994689 444689

487944 899644 644444 497844 4979444444 999944
1911 949964 4944947764 744964 489464 4494644994944964 ·

449999 4449991· 868999 644999 376999 469999
441 464844 444644 996666 446444 464644 488844
6ΙΙ 6666661 666869 616969 999969 766669 144769
44 944646 644446 448446 4664444646 444846 644646
79 4949979649] 786649 9996491 49964914989949649 899649

m

''h-*ww
7⁶1 ι06176 907776Ι 686976 878476 447876 948976
77 869969 4646094969 7⁶⁰329 999749 474449 4994996944
646484 464984 8876 86 633284 898884 484484
49 484444 489444 4644644644 789444 446644 312441
89Ἰ 7494991 446499 4444991 999400 894400 440400

88 897166 “ 848966 ’ 669766 4668949964 784464 968464
84 964944 679744 997444 ’ 449944 999944 6969 24-
84 4686694689 494889 444489 444684 4614644689 :824249
441 448446 944646 644846 444646 464446 444446
841 44444414644644-4441 444444 446444 494444 4694949444

*mm-m
86 444446 449496 966496 644446 449999 498498 , .
84 444464 466469 4646644969 484469 444464 488489
88 446444 444444 46444 968444 646944 484444
89 899444 969944 488744 4969996944 894444 592121

99 989499 6884991 4464691 464499 994499 749499»,

*ει

449464 484664 946664
446844 444444 4694464649

94 234064 942464 679864
44 464649 4644669649 448444
94 488996 49684 6 964686
991 6499491 94494914997994949 894944 974949 969949

961 744946 494446 18 446 949646 898846 488016 ·
971 864669 478469 464899 4976997469 846699 >⁶14009
981 996994 764664 414464 684864 954404 766004
99Η4994449994 832801 464694 312401 4681684494 874094

*mmmm—m

-Ll

94149944ὃῐῖῐῖ·“”“”ῖῖῖῖἷἷ”““““9686861-“,“ἶ9666616686688886--η’888684 . .

⁴„

 

4994444644444484 464984 644444 448486 x ’

644446 444446 444646 ’

