71 ,96166 . 96166 1, 96466 1 50500 50600 1 46711

61 4446168141144364 36341 4446314441 44464147414466436941 4976679111
61 161644 111644 411444 919144 611144 71664
16 ‘- ;169169.1411769’ .914669 616969 719969 11114
,64 411696 ·. 911496 619196 · 711696, 146196 ,91166
’ 84 , 476444 633444 716444“ 819444 944444 4477614411

unumve—*ww -ι -ιι-ι--ι-ι-

66 -, 676796 711996 117196 91619619676419961
67 , ’771189 114619 911119 4997611419 144119
933444 4447619644 144644 746444
4437636161 119961 443761 347461

6 Ι136966 446966 344966 ’448966 411166

μ-ωι-ο-ι- *μμ-...ν’

“ 71Ι 6176441 . 167641 6111411 416641 ’996141 69411
71 171914 ,111614 ,411714 917114, 691914 79991

ὶ,71 174919 ,1 419119 911719 611119 791919 19796
. k 74- 479676 969176 614676 719476 ,194176 9916

. Ε-*Ξῴις 666644 ’744644 R 836644 ., 9446494978169691

W. m·

· . 96 676176 7413761 846476 93177614468646976ι 46417
’ 77 776719 841119 ,9174494498634949 141349 313711
, ““ 32⁸ 877484 944884 4441648484 144684 449684). ,4ζέἕῇ
’ 891918678466. 144466 436466 336466 461466 661466

mmw' Μῑὶἒῖῶ

11 'Mt‘ 149161, 111161 467961 mx ως,

,9776411798049641 449441 434441 361641

-11 179914 649914 411114 911714 669114
’91 11661 446619 911119 619119 766419 91111,
84 486646 4474461 634446 741646 167846 4479614691

981444 6484441 734444 '842225 969444 116117)

...η-...- ......-----···'
86 681796 7489961 836196 943396 4469676496 117716
17 711161 149769 9171691499644969 171969 1111
, 11 111944 ,9969441949611144 1149741 .·.171144 1161
,89 983441443964111 ’139141 446947 374741 ’1117Η
9ο 4446614166

’Ἧι-.-

191196 446166 641161 476166 61411

91· 419164 191664 ,444664 999441 ..671969
96· 119149 494449 ,946649 691649ι 716149

⁹¹ 'mm ‘'-577481 719116
11

1
94 416416 999116 644666 Χ7141661411696

8

’ 91 487644 646644’,744644 ,994644 983644Ι ,ἢ
·’6 117614 -796116 199616 ·95521⁶'2'3J6}2‘8W 16111

“ 7 788469 847669 947669 4466646469 184869. 11111

9⁸¹¹ ,88880412«9584042550048004 157604 167101 4³⁶⁸

5

9 .9817;4.1.1Μ4·116494611 149661 258801 ,388601 „gf

 

