ι 11 68766 Ε 689661. Ἰ6.·84661 689661 686661 68766

· 7 4699964777 467977697714686968974 4766646774[4714996947. 4778679777
441744444· 4444444447444444 7147444 474444 444444
447444·4 444744 144444 444444 ⁶074⁶4 474444
471444. 444446· 444444 4744444444 744444 447446

’ 46766676779 779779 496779 7-99779 88285. 66779
⁶ 444744· 40445⁶ 444474 47447447474447441 744744
7. 971449 4674644649 716649. 444444 4764441 446147
4717444444 444444 447444 4702⁶243r 244424 4744447444
69. 696961. 976764 4689669964 74776714979671 , 779964
76 f 796966 ’496966 646966 ,844966 968966 · 947966·

1· 4444441499641 477847 9876471,766747 496447

444744 447444 7747441· 474444 444444 747744
999676 4679669876· 688676 . 999476 :47464’18474 869676
479679 746679 879679 ’9966719 . 7796774796666679·

477474 4447749 447774 4444741 414474
8 1444447 4444444744 444444 444444 477744

79761077974 780874Ε’·4147841770·ἨἹ9’184 84888711 7777747

78 ,8894841 7768844 796484Ι 94‘2484‘, 667684 4797189
4667674847 1 6876471979447 4769679447·Ι 869647 996847 ·
6 69846619 8741966 9664οοῖ ,··97764·66 947466 .. 688469·

¹4 ,794967 444444' 6479671 99996747776797671879967
,441 444744 4474447444 7444441 4447441447444 444444
’441 7479791 4444491 4 4212845.. ’1447484 4744444744444444

1 7 147444 ’4444744447 744444 44144455 444444

1 841245¹ 968779 976769

3 4644447444444441, 7447441· 81444⁶
.· 4⁶41⁶4 4747441444444 74444

⁹¹⁸⁶} ‘⁰⁶84 1111111111ἐέ8 111111
961 9747661 7··977661,4174176619887661976766779766446

94, 6666871 971888414697677687,7797864994871Ι 767687,
94 74744414474441 4444441 4444441 7444441 4444 9
'44 447444 6674441444444Ἡ4444441744444 474441
’94 4444447447 744444 4444741746444741 447474 4444441
47 44744714744441 747447 4744444744444447 7776441

’969 94967646786778761 7676761 4777769 746476
’71·, 4444441 444444 4449441 477444ξ

,
9 1

 

