· 1

” ’40 744100
TSWMWMQQ 443344 474444

44 730176

‘14

Τ448844

’ 14 864886

11 34400 1 34300 1 34400 1 34400 1 34600 1 34700
0 4439040000 4446090000 4443460000 4460440000 4467360000 047449000

4 440404 460604 · 430804 344004 434404 ’46440
4 4808814 434404 304604 394004 404404 6348 1
3 .444409’ 304809 376409 463009 473609 704401
4 344646 374446 443446 ’434046 644846 77464 1

394044 443044 444044 604043 746044 84764 1

*w-We-uq-—fim

78 676 78 330 0766361 784636 · 97046·
784646 677646 747059 858459· 98066 ς
6767866 76646 6 844064 666664 86740863
744484 797484 43ιο 4 447680 080 55 1349 i
 k ¹ 7964001 8684001 960400 0744001 40440

ιιι-ου ‘mu-*stp—

884544 637444867468668 ¹02144 = 688 544 · 3944
6778668847667666 68666 8748671· 887766 4046
68 667766 678766 878766 644866 776666 48676

44
¹3

647686 290489· 767886 477486
367764 768868· 444764 768364
, 477668 488768 767768 766364
448400 4044001 476400 670400

mm 784400 948400
748448 ’ 878648

- 778648 ⁶4724¹ 989888
441Ι 4898841 6486841 7886841 884484 96688414476064481

466646 449846 493046ς 71

23 . ⁶597²⁰ 714329 788929 883449 998869 ,43449
784676 876776 9545761269069376 40876

441 866687 8446441 930644186680446443. 4406441 444644

'¹ 461 *4m62761255001479 096676 444876 447706

671 648766 666687 676766 867786 483449 444383
25 1241011584 8648667784 143184 638784 344384 ,439944
49 688848 838848 884648 309844 444644 447444
901 152900 408900 4849001 ’3809991 496900 4 32900

W*-

3¹ 223361 479464 3447641 444964 468464 904364
,γ493844 4768684 866664· 525025 639424 77488

, 764686 ,786686

2 664436 784946

7364441 843444

847888
988771
990441

807696 974496 44770646911

786666* 878867 667766 74464

774644 878844 446444 8676667648 40460

3⁹ 787444 844944 ’8944744863040444 438344 276121
401 847606 944600 993600 0946001

 

