1

87 7777679767 7777947767

87 76877477947747747777647774 987774 988974 946844
89 977789 789889 779489 7788797989
-84 746776 477676 779876 ’ 776676
89 779779 677779 949779 · 496779 469779 499779

*mmm-ww-
86 884796 797996 778996 669796 · ¹⁶32996 679796
77 7778677769 · 966769 887969 ;877769· 867769 796769
88Ι 777744 7777779744 7777677944 7789664944 ι977844 966744
79 997777 798977 776777 774977 7796747977 7779799177

799496 ·789796

991 969799 467799 996799 944799’,, 9777991 996799 s

779687 677787 767487 777687 487887 476687
¹ 898964 , 896464 784864 689764 697664 649964
97 7749667649 977649 964749 877849 “877449; 779949
94 776676 7776744876 7777677676 7796677476 997776· · 986676
9914 4999791 9749791 ’ 7499791“ 797979 779776797917774799979

ὂῖῙ’““”97497ό 489776 477473- 967676“ὺ“’999876“”ῆ’979976

971 7 747669 . 677467 787869 7777691 766669, 496666 ‘ ¹
98 · 987084 877664 - 797794 799894 676494 66999

99 7749687997 999897 979697 , 879497 , 849797

...,..·.,..79777

’ἴῙῙ-’ἶῖοοο 89799 1 89799 1 88800-1 ., 88 ⁰⁰ -86896
³ 937225000000 7²42010000³7259o40000 7776676006174877669797979779989

779997 789797 779497 469697 999897 ’477997
897694 997994

677466 767666

0 340004 350404 380804 431204
3 . 510009¹ 520609 997799 697899
9 „ 689976 699876 777676 777476 849778 994099

Χ899979 867979 897979 949979 7794974979 79779292.-

919776979996 7749997796 7769967496 7777779696 ‘ 784896 , ’776996

799949 ¹ 797449 797849 784449 888649 447979 ,

766664 477664 467464 474864 776464 477964
999987 947887 979687 ’ 679487 697787 · 999997

10 ,799799 ⁴712100 744799 766799 8687991 960100 ,

’‘⁸⁸⁸— m

77Η .§{E{}f'⁶'7}}{{{1 , 9148Η , 90678178986989ἶ87977797777

ιήγυψΨΗΨῊἎΜΗΜΊύΝΜΜ4ΠΝΠΠΗ ἲΝΗᾸ Νυῖ.

79 779769 v 777769 799969 997969 „ 989969 4731 9
74 786796 767996 477796 478796 777796 777794

7911 979777 7677771 796777 6497771Ι 7777771 779779

..ἴ-...- m--na--nn-——v mmmm-mmm*-
1 1

1 779796 9994961Ι 766696 879896 · 898676 986796
77 1,“ 896789 967689 0 977689’ 796489
77 17777666774 7747677974 7767767774 7779767774
γ79 j 776767 744767 ,777967 777767 467767 499747
⁴20 400400 479799 448466 , 7674661 7 776466 676499

Munna-mm ΜΨ

87 .

Χ ι 7

x

7799779689 7777779799 ,

8

7796967889 77787779891 ⁴
784774 878777

 

