4 ’49896 1 494οοῖ 69999 Ῑ· ’699991 69999 69499 '

6997999694669999966696 9696969946 8664994646 4998968849 9648699949

Ι 679684 646984 649484 644884 689984 74468 -
796969 769969 769969 779664 899769 864969Δ ·

; 969976 889776 889976 69997 999676 984976

4479949694 4449994694 469499969444694994694 4697949694 9649994694

ζ ’949976 9944764 999676 944876 9799761 996976 .
669969 699969 649769 696669 696969λ 946969
989984 ,, 969684 969764 ,976984 966984. 467969

969646 489996 - ,486946 496646 999446 996649·

4 698999Δ 604on 696999 6499991 7989991

Ι,
..νυ-ιιι..-

. ΜἿ, 7447661 mmm

¹ 8689 .“ 844664 ·846964 666464 ’ 698668 868666 “

6 987889 964489 · 966689 97768996689999899649679889
8986696996 ,9896689996 9694988696, 9666997996 694796 · 999999 -
Ι 9994944 994994 799994 ,898994 9449947 49999

, ’ΐ846896 6969996· 966696. 9984961· 979696 49699
ν, 466969 449969 446969· 498769 496669 99496
,ς 986644. 969844 966444 979644 666644. 674,
,4 769966 689799 , 689966· 699966 797999 79896

4. 894699, 894699 899699 884699 847699 99469 , 6, · 4

ζ '9452811‘5'62348 966666. 999886, 978989484964999 , ,

4 948966996469699949864 9699946764 9667969664 9669998964 , 9469

4 984699 999649 966849 689449 669949 677649

. 999996 689696 686996 999796 999996 998796

L 494994 4949944 4999941 499994 469994 499994 Ι
646766 ‚5²²916 ’666666 .·5413¹⁶ 5⁸05¹⁶, 64978 .

¹ 664499 649899 . 649999 ’669699 799999 ⁷⁶940

4 789694Ι 7667949 766994 786964 866994 8899
999899 889699 889499 999999 949999 464999989

ι 448999949944494999499 4696999499 4698999499 4649969499 99949

949999 999499 999699 949866 984999 944999
666994 646994 646769 669694 999999 ,9699 ,
489699 469999 469899 484499 494999 ’494809
. ·, 499496 489996 489996 994766 444496 69449
ς 6999944

...- 699994 694994 ,6664666 668964 796994

6 746796 766996. 769696 = 744996 789996 849748·

866449 846849 649649 864649 996949 967949·
ι 986664 966764 969964 98496496766669649649698894Ι
9489999889 4494989689 4697984489 4699994989 947989 998868

6

2¹...

11960 999699 994699 ,994699 967699 49 4

 

