11 99699 1 99799 1 99899 ,1 99999 7 “,96999 1 96499(
,84 699949764 664699964 6698964641 694999969 ¹680218563 6899447
s ⁸2 464944 799444 877944 ι964944 ,, 479944 4974
,41 646489 769989 999689 ,, 996989 999889 . 9494
84 669996 , 949699 989446 966446 , 974946 8948
85 ’799999 866999 679999999 999999

-“- .... ..„........ 4272251· 6949

’ 96 779916 , 997796 984996 474996 Ι479996 .· 9
97 89999 969964 946769 494969 , 494469
99 879944 664941944 498444 479444Ι 489744 . 1
¹ 99 994794 97 999 , 949999 Ι 498499 , 699999 -
‚ 90 976999’ 494499 999499 4899991 688999 ,4

94 669997484 -4796841 , 949884 999984 749989 Q
94 978864 447464 994664 484464 799969 6966999
99 ’449449 696449 994649 699

499996 688996 , somn. 4446

4499998 7694499999, · 99444

’.94’

v 97 666809 486009 064009 , 844999 053409 2825ss

98 387204 660804 700404 896994 ¹05⁶04 3353·

96 984446 - 499646 699896 · 799946 681001216 2304s
99 498699 „2233133 758201' ÷ 948994 9979944

'· 98789

Η “96999“ 1 96999 1 . 96499 1. 96999 .·96699 1. 96799Ῑ

m

91 686449999 694699999 696966666τ“789999999 ”93ξξῐῐὶοο

Ι
2

6
4

499494 749699 697949899 -999994 =
644804 - 796604

997999 847809 948499 499999 7
649616 999446 474996 -4,469996 7

ψ..-

794496 699999696 . 476866 · 608060 879666
996949 948449 849649 699049 999449
999964 999964 484464 674964 984664 -

. 191 944689 969489 466489 747984 ’798998899
99

964999 996999 488999 789999 999999 -·

· 99 699996994 9687941 949994 899494 ”“““ἶζξξῖἷ“”
¹ 99 068944 3²1344 . 696744 886844 498944
99 949964 479969 646469 999969 999969
94 979796 446496 699996 994996 994996
99 446444 479444 , 744444 799944444 449999

unu-nu·-

96 978696 994896 899996 998996 ““““Ῐζ““’“““““
· 97 666089 684489 , 867889 · 999989 4

’ ’ 48 886644
,494969

494444

697494 999794 994994 5
699769 969469 447969
749499 698946499 949499

19
7 99

 

