’17 896001 0970001 00000 ’ 09900, · 060009 7000 x

ο 7 977960000 7944490000 7967640000 7 9788709000 7996000000 7409770000Ἰ
0 ,990707 667407 ·- 8776077 987800 .·070·007 997700

0 700404 090004· 9090007979099004 944004 ’9744
3 87960979490040097967794809 779409 976009 77660
47978044876 779606 976476 497776 688076 890079
9 706079, 947079, 498079 66’9079·’· 860-0797409077971

0 907090 900470 ..0090οῗ, 040090 7997090090 049000
7 990449· ,009049 0470497900000049 .ιο04049 4094499
8 779664 . 8677847969007864 784464 976064 9076041
9 900887 7946097687 084480 996080 ’ 948080 797800
00 79790777001 ,70947001 9967001 978700 7707001 9970001

affl·-

41 749970. 9799771. 977777- 699977 897077 7479004977
00. 404944. 940944 099944. 070744 7990004044 070900
09 909709 700909 0709097900049900» 090009 . 440700
04 790990 ’009790 7904040990 009990 400090 0009901
79 . 9787097747667779, 0040091 9870091, ’9800791 ι7991081

00 7990099490 09009οῑ 909090 999090 Ι79009 909091
07 , ,, 070009 1404009 997409 790009 904009 40609700ἰ
78 447974, 979974 779774 907774799979697ᾆ 979970

79 677767· 746967Ι 9007677987074960, 768967 affl
Ι

’7844000 978400796907Ὴ640961 440400 691
77τ 999647177470898400 744047 4780471 677440 9766407

00 7990000004 ’000004 409004, 990004 704404 99900Ι
23' '²98⁵129}¹ 49“0709·- 9870091 7609099 9909007407070091
04 409970. 004070· 790970,1 9997707409979970· 94090.
79 6406719111ν *7796791 990679η8900967ωο679 90900(

m

7611 007070 947070179000000701 0774709Ι 470070 0006
970, 9090097949000909 0799097 4499099 044700, 00009
7990749040 709907 449904, 000004 0070474009οΝ
9919 0009040Ι 400440 007040Α 7990401 900040 7060
9011 4969001 697900· 7889001 96490017400960900 97000

m

771’ 6687671 804967Δ 90096779840767670 Ι 331961 544¹⁶¹

781

3² ” 9794049 ,97780979670700040 , 796604 909084 7709·
97 7999000000979900470099 mmo-f 48048'9. 999999 999909
94 79099ον 900790 479990 «0909900 049090740900000·

,991 990009Ιέ 4900090 0470099 004009 74000οι00001Ι 09000.

ΐο0·“ι“““““000οῑ mmmmm
37 1 ⁶957⁶9 836069 990969 77797679691 969969 9790

96 867044777000464417761167244 33'9844 ,53'4'444¹ mc&

99 7994090900 07000οζ 999900 900707

7

00 12(0960οΙ 347600 ” 909600 , ’6896001 ζ7]ῑὲῗοςοᾆέ1747οἓ919ἒο0οἶ

9

 

