,11 9776771 86966 1’ 89479 1 86966 ’1-8-61666 1

86767

77 6479468848 646 846964816467687248 6488687447 6499749647 6979879847

77 789784 6776841 698984 797484 968874697694778

23 729729 7848297 858929' “988979 6966668779 767777

,77 796777 944976 6468979776 6484774976 779776 76776
79 64769996796497799679 7896797 779679 799679 979679ῑ

· 76 777676 766776 947476 4366761 997876 687676,
’,77 777979 476979 997779 997779 777779 747971

K

88· 877984 987984 667784 778784 874787797766977
,79 ,697447 748747 874647

861 897966 908900 =984900 ⁹¹⁹⁸4¹⁶50¹035641 ¹⁷¹4⁴¹÷

6489686966 796966 8889

......................... ,,.,,.9

97 6497679967649966996716469749767 747967 998767 494769

82 173824 230224 806684 403024 '5¹9424 699174
1 77 . 794789 799889 467489 964679 . 776779 77787·
’ - 74 9494796 997996 678796 779798 747997 978771.
661 666226 788889--7819-839-λ86779696766977969797498891
76 879696 ,8778961 999996 ⁶48⁶04729⁶’'''.''''1⁶74'47'9Z''“3‹fi‘0s.⁶1
77 ·97⁶,1⁶9 6494977969 6479779969· 798769 779769 467781-
86 0436880044 Ι94684 777844 7694441 487644 6746971

79 797777 794977 · 477777 796777 777977 7877771
’4 467666 5¹5600‘¹ 9976661 697666

......-..................6,6..6
48 688688 676887 794487 897687 9768876979799111
47 ,778964 ,876964 97976464879777646967797777 7769697
47 979949 997649 6477978749 774849 799449 47991
4467799999766497798776 777778 799977 797997 997991
48 7866626γ 889688 ’7989791 497979 8776791896

m*

46 “ 486686 479786 998976 698776 777976 986980
’47 987969 646499 779899 779769 999779797767769
48 748604 868864 886764 980304 6964699964 899664
49 967667 967867 6477647667 6488747467 767767 468601

. 50 944966796616496777966 767966 302500 4²2590

987979

- ‚mmmm-s
¹ 5¹ -2'23001 ²⁸³²01 767497 467697 977767 7796
’ 88 . ··888664 448964 974964 674764 ,749764 989968

68 644009 004609 689769 789869 906409 6977947869

· 64 704626, 766886 846776 9469766969687778 79891
6811· 0060461 ’960026 0478667979 6489768679 779679 97686

’78 79799766497978779 777977 779797 ,997997 977976
ι97 786949 ’747449 777849 476749 977779 69888
81ι 640604 468864 489764 997964 777964 884914
69 667688 968888 696687 797487 9979978977679718
§p 667666 779666 ”ww

A
7

 

