Ἴτ’-68680 imm 699 77

*norw—*nuum

”1“ἴ440000, 47477900 00 4769000000 4774890000 4788640000 .‚ .
977607 947809 798007 748009 778407 979·

799704 489604 7,76004 ’4779086404 996804 767

890809 609409 494009 004609 4789099909 709·

9’·90476 769796 9970761· 967876 799696 4809
⁴54534128025 899079 6900791909079 -997079 9’1,

6 769696 4748096896 878096 699796 4·70496 9776
7 408849 874649 966049 777449 608849 494·
7 970964 970464 4767704064 779664 747964 9990
9 679487 490789 747089 4776089888 889689 79748

70 896900 9889001 980900 797700 4790074700 879707

³1³ 999777 779977 998979 9909771 967979 4804074
:2 4797097944 867774 696947 768944 9009441799991
91 7779694749007961 794961 606761 1179611ψ-9ΜῘ1 091961
7, 7877 7777777777 788, 7«77 777

6 647896 499096 00809647770097961 894696 90777
7 779489 990889 946089 999689 999099

:8 987784 690784 484984 89794447988881841 9899
94796094769 878969 677969 496769 7699674709779767

90 790400 Ι966400 760400 974400 408400 960400

ῘΓΓ-9900494790704847 *898447 778648””’””” 946847 4070491
90 467684 0400844764096484 990774 497074 997491
99 609999 979909 974909 989709 809709. 6789991
14 747976 997776 9979764778977976 967976 897491

980679 699679 490679 7696794797700679 779679

161 4797078776 798476 988676 409876 499076 4877699487
7 155929 931329 ’786789 848889 877989 818981.
8 898984 4799069784 864784 680984 779984 9774891
9 497749 707049 4769007847 898647 694447 99094·

968900 944900 7409001 996900 797900 64176

7 844774 670674

8 781489 758489

4 7798979796 896996

909996 946796 90 78
9 7977794797094779 897779 648779 499779 947771

6 ······ 994896 977096 969796 786496 Ι,679696 ,4801791
7 ’780969 709969 4766907969 '

9¹· ’170074 9447844 049447 4780069047 .

1Ο

497094

555089
699996

099404 4799069904 909701
877689 008089 48070849

ww

 

