, ο 744999999 749646999 7994499449 4994499999 4969694499 44444999
4 996994 ⁶⁶⁶2614296401 946694 646494 990
γ0 000004 400404 4’40404 494004004 044044 4040 .
. 4 004004 444004 404004 044404 440404 400·
· 4 444946 644446 469646 446446 447446 4749
Ι. 449949 -494949 -522025 474949 644949 ’99994

4 440040 444040 444440 004040 999440 44044 4
, . 4 440044 440004444 044444 040044 444044 044044
· . 4 444944 949004 044449 440404 404004404 400004
4 ’404040 004440 ’44440 0 444440 040040 404040
49 969499 4944991 4964994· 444499 449494

’ 6464441 228521 869944 944744 484944 47 444
. 040044 044444 400444 404444 040444 9440

404004.. 440404 444404 004404 094949 994449

’ 744196 400440 440004440 040440 444440 4994940
Ν4944494 946449 749449 444449 499444

Μ’
4040449 0440499 4404499 949449 449449

474499

644944 499944
674464 944964 969764 649964 444464
9444994- 964499 8444944499 696499 99949

44· 4994404 440040 404440, 044040 444040 44444
. ,44 . 440444 446484, ’440044 135684 449944 404444
49 444949 904004 444404 440404 400909 400404
04 444440 444440 444040 044940 949774 444444
25. ...i-*⁰⁰⁶⁸ 794949449 699649 999649 949649 679649

999444 9647449 47644

444004

³³ 849089 409424 797045824 702224 478644 97994

469669 102289 746444. 444449 444944
. - ,44 404040 400440 044440 404440, 440440 449494

’,44- 960404 446449 449449 4444449 55922 246245

3⁶ 786017296 644496 474696, 904496 696996· 994496
,44 044404 040404 404004 444404 0004041 400404
44 004444 444044 4440444 404040044· 404444 404444

Ι „¹39- 449944 numm 444444 094904 776744 47660ῐ
Ι 94 4446999 499699 497699 499699 444699 994644

, 40 4404009 tummim* 32174]⁸14017751

 

