. 661714
, 696999
. 994996

96 999664 99996 , 969964
99 999499 99969914669191111

‚158724‘ 99999
, 994999 . 96649
94 4949969996 ·- 696696 496696 64969999

89 999999 666999 999999 969999 969999 99499

9611 994996 946996 969996 4666696696 . ν969994 99699
1111 , 969969 49996999611 644969 699669 999969 46696
19

669944 ’ 666944 996944 969644 999944 6699
966999 949999 996999 9649994696999969 ,99999
961 9969661 49496 4669699966 ⁶⁴0¹th ⁸7610·
99114999699499 699699 969999 996669 994999469669949
96 969964 999664 969664 966664 966464 ι4969“
9911 946649 996949 499449 4669649649. . 69664 69964’

4776304596026436 595236 994696 792'836 4²1⁶3
⁹⁵⁸ ‘'³⁰²'' ..ΞΞΞΞΞΞ..,,,Ζ912Ξ9 966669 999669 · 99969

m

9611 949496 999696 966996 ,4966964699669996 Δ69949
971 899969 433209 4696669669 999669 969469 , 99696
9614969699964 969964 999464 999664 999664 696999

99 1694666 964466 694666 ⁸⁶4001.....1?³⁸⁰¹ 465110360
Η 69966 1 ,99999,,,,,,99466 1 96966 Ι

6 14699946666 4664996666 4699966666 4699996666 4969966666 4999696966
9 996469 4669696669 ,696969 9996694966699969 ’ 999469
9 ·9ι6964 669664 999664 - 964664 ’694464 ,964964
9. ’649669 999969 996469 669669 9996694796969969
4 999666 496466 4699669666 999699 969696 999994
§A 9²²025'· 573025 244025 935025 ,646016 ·3770²5

-d-u-

6114696699446 969696 996996146996966961 966999 ''514436
99 ’694949 946649 969649 669649 “ 966446 499649
996964 694464 946664 4969699664 999944
4060119411 791161 469061 , 994689 996699

9 ’996664
9 ’469669
,ὸ- ⁶04Q‘620100 ,³3²¹0024721064100

Wffiffl 392721468'0064921 767999 469999 969999
99 · ·996944 Ι966944 ,666944 964944· .2 ⁶⁰⁶544 333944
69 4699669969 669966 999969 4694696669 949964 496499
64 ·’“649796 966996 499996 · 669696 · 996696 999999

ἱ 9869991 999999 699999 ...9699994968696999 999999

991

¹⁶! 6466696’46696999961 949696 - 4446696 - 699496 · 9994991
¹7. ·'559089 999499 999999 ,999999 ’9996994999696699
991 699964] 949664146966669641 ¹..7¹⁶324 469964 ‘³ 669964«

’ 631961 ,135761 . ’1611161 ·- 094349 91676919* 9669691

·“ 99466 996466 996466 9644691499466

ΝΕ 41 J

 

