’ η 160400-Ι 60900.

Μαι-κιαι...-

8111617911161 167004716141686181761 .
1111611071114 171714 101114 411114· 011111 104114 , ,
111119 299889' “ 416411 171619Ι 719649 9161111
w ·114116 411016, 147116 614616 1614111119041116
411111ΙΙ 141111 6611111 116111 111111 ,1101111

116116, 6611161- 710116 ww

, 677101 714161 1111611611011461 116761 ’414161
711144 101744 1611011144 110144 141144 116144
9111111671016111 114711 100111 ·· 470111 611111, ,

90 1619040100 148100 176100 41410οΙ 191100 770100;

9171 ,161081 1691116 197411 ς4ς994ἽῇΓᾝ-’,ῖῇ

41 111064 110464 111164 667164 4116641710014064·

11 401041 Ι111041 640141 711141 117441 131041,7
611116 761610- 9104161701079116Δ 11016. ·

714011 411014 ,1696011011 101049 190014ἱ

ψ

9ss {EZETZ*-*'333fflf333J332JY3*“⁸'T}}ZTZ**f*}3JJJZ'‘' 11161·
07 ί661001 416409Ι 111101 171109 444609 6140091

110600010041671117604 147104 116104- 166404 7161041
99 119001 ,111101 161601 111401 611101 171101 ·
ΙΙ iffi! 61100 Ι,Ι 611007 611007 01401] ’61900 ἷ Α

0 1711000000 1711110000,1741440000171761000017611600001711110100 , 1
1 111001 111101Ι 961401 1111011710011101 171011 .’
2 144004 ,414404 614104 911104 101904 496904

1 166001 176601 10710117110171 111401· 611001

4 487016 646616 919616 110416 411116 741911

5 610025

11101 ,1746011011 111011, 174011 161011

4 411016 141116 174416 ’411616 611116 11191·
7 1140411714061441 116141 141141 111641171111114
410004 117664 411164 670164 141464 ’ 114064 ‘ .
109681, 641611 7114111771161111 417631.
. 411100 664100 116100 1111007 4104..·

,41141111 114111 111111799011111 110911· 60176.
12¹ 464144. 676144, 101144 161144· 411744 716141
11 116161 7017611741011161 111161 , 116161 141161
14 701116 110116, 111711 406110 ,611116 11141·

γ44 110111171104111ῌ6111 111111 s 101111171401111

W , w
41 911116- 161496 ,101616 611116 911019 '3185
17 3723074289, ²875!ss , 521089 774169 1771047719 94141
11, 110114 401114 641114- ,117114 170714 “,41411,
9, , 111161 111161, 1611611760011761 ,um ⁴ ¹..
10 4404001 614400 ,1114007 141400 4114104 „0400

,¹⁵3

 

