⁶²4 3⁶394 54 5444 747 4 970744 777644 477444
166 774769 Ι777669 76999 976669 666766 477769
6 676466 669666 776666 494796 677666 666496
071 798747 787777 784777 780077771 770777 513225

66 ,466976 696666 796666 669766 666766 666666 , .
167 477689 607089 868489 077889 777789 96868 ἰ
47 466464 667664 4666 64 944664 777764 66646

69 447767 678967 832761 076767 740767 764767

70 476900 640900 844960 048904 777900 776900

mnu-q... mua—nummu·- ⁸

71 4476477 477777 7676461 676646, 766446

ἰ66Ι 343515444 5 76667666 66766767, 87677966 ’66666666

76 486674 664774 769664 097674 777974 69797
77 497779 676779 886969 707979 770779 677779
74 909876 688078 898476 778776 767076 67787 ,
7.,,6 4144„ 766667 666676 774777

5²737⁶ 766976 9¹777⁶4 1429764⁴
17711 539129 724529 9²9929 777779

777677 640677 „
388176 677776 , ’

71, 666884 766474 646684 777674
7611666646 747446 964646 150041
180 774400 760400 966400

17“ῖ“““”“

78677 777767 978767 704767 470967 777767
,77 697664 774664 696764 767664 466664 766674
187, 009689, 790789, 87909889, 829480, 476688 746689

413284 678884
, 477847 697847

666466 4774661 764499 ·“ ³

74 666466 767666 ,666666 746766 466774 766476
87 1 677777 870777 077777 774777 707777 768777 ·

644696 776696 669796 666696 7677977 780596 Χ,
674769 744669 666667, 678969 666666 797749 , .
776744 776744 6667441666644 ,677944 697744 2
670777 868777 679908 303721 551521 879777

, 697700 880700 0887001776700 664700 877700

,.......4.....-

Μαι-.-
707887 897686 100281 5284814 670686 844887
’777064 904064 666464 340864 589264 857664
777449 976049 174649 353249 666849 870449-Ι
769666 667676 666676 666676 664476 777677
7770771 9400771 749676 378025 ⁶27 0771 896077

mnu-ww

961 777876 977076 767776 790476 679676 908876 “
971 774669. 964669 676469 466769 666669, 921609' ,
98 786404 976004 185604 4¹5204 ⁶⁶4804 974404,

99 798707 988007 797807 477607 ⁶774⁰1 ‘222225 Ι

D

 

