ς 617476400001444440000 764460000 770740000 77676040 6674400 , ,
ζ16,96401 446607, 476607· 404007 77 707 '1494013
,1 746704 607704 477604Ι 467004 ’ “

7 674704 664709 446404Ι ·
, 4 674676 774476 444776
³ 11 971017 777017 174017

‘K 990476 741676 ·
677041647 400744, 777644 ζ,
· 707764 QZ] 670464

f 764667 644077467 664167
’70 74700 0767 946700 .

n 7674771 744777 664006477·· 744777 477477 .
11 740744 197744 017744. 977144 470744· 707944 “
11 ς 799764 747464’ 774469 6770777647. 479764 767464

74 447447 470407 777790 074744 477476 91179 ’ ’

. 74* 476774 464774 747774 744774 677047774 977774 -
176 474646 477746· 1- 407046 3 744746 707446 6670190616
,77 644074 j 471469 ’ , 744779 · 766664 700074
711 691714 , 747114 711714 117914;1111.14“
;·74 ’744467 604767 477467 ’7174767ζ1 776967
,70 707400 667400· 1 ·
. 760747, 777047 4794417 407641 777141

. 925²⁸⁴' , 779674 747474 411714 79711 ’

917719 ’ 671717 ’

141174047171 191971
741 700674 · 444674 640674 774674 640617 676616

76 744076 760074776λ , 669476 764676 “ 699676 6771176
17 117719 , 071919 941719 147719 ’77911 194719
w28 177714 171714 7660777174 901714 111714 777914
74 444447 790747 066047 467644 677647 , -- ·
40 447900 747400 774400 7177070900 946

47· , 447467 4074671 764767 0749671 946767 447467
47 · 409774 466774 747674 749074 ,676044474 44777Ι
44, 4667641 ’ 474777 4074641 746069ι 4449ξὲ 66444376

7447744 770774

616776 477771 76077 177176
..ὰ-’6747744 447774 474774 476774

34
35

mm

76 747196 600196 4710967 777191 191496, 119 1
77 707764 679719 771969 474719 771769 774744
71 . 110644 711144 797144 497444· 411044 747644
79 919111 771911 174711 7,7171.1.,470711 407717

4ο 477600 744600 774600 677600 4746004 467604

Μὴ

 

W
m

