56 ’59665664 , 5576
55 66545 575669 , '¹ 55466 .
54 645556 596656 ’ , 55664 9957
,ἶς’-’.349994 60699 ’ ‚muf‘

56 694566 , 5555516766

ζ 49579

ἶΓἬῆ77991 66447969 ⁵  ’ὶ6769676’9 649694691 9694976

“ 967889 ” 846689’“ 469987 · 699489

,987664 879664 496464 901869
93 669549 «756549 655445 555649 496646 66564 ,
¹54 197635 746456 565656 964656 546556 64465
95 253025 766665 5566651 666665 ,5656651 655665

.961“Ι 998496 777616 ’ 346896 996696 546696 974491’
57 645565 795669 5666 69 956669 566469 696565
95 944964 565564» 575464 965664 577664 66966 ·’
199Ι 974669 894465 794909 984609 797865 99760

11 99001 «9966 9466194661 86061 5

Wffiffifflo 75966600 74696669 Ι
5

9 956409 966669 579801.¹ 9679569 977669, 707465 .
6 696564 565464 595664 654694 995464 764564
5 655669 955569 666465 5666169 74666666 746661 .
4 . ,464696 976496· -697496 758765 048696 74969 -
41 799094 979694 644665 -335035 6466665, 77766 ,
558456 989646 666856 556656 , 7 1
554549 69666646 677649 569649 686446 56547
5 479964 699864 694464 586664 057664 ·

51656766 679459 799989 404659 999559
961 4646061 646966 7989661

11 4m72521 744'921' 457169 941499 88544
Ι1Ξ1ῗ456144 655544 565744 454544 666544 595
94

1 455569 665969 776569 491969 957764 9¹⁶8 ·
469796 666556 755596, 465666, 666596 55579,
94 4569941 959965 818225' 50582'5 ²¹8²25! 96166,

56 , 646 94455 -896646 496946 974946 96864, , ’
69 ..569659 ,676459 545859 551659 · 656655 656651 Α
55 444494 ,999594 569774 44 994 969994 47606949

99 449969 ..964969 ·-979765 777769 987969 69696
96 468460 Ι9994661 596466 490406 764466 678406 ·

mun-n B

 

