11. 44971 69791 94991 9779 W

· 77 vffiffisWWffi-Wn
77 676774 977774 649774 999974 767974 749974

79 979799 996679 667499 46999999 979699 767799
94 7947796 949996 679996 977696 999496 776796
1 99 ’ 999779 9967791 499779 ’796779

Ἰ76 969796 1 . 797996 949796 476996 994796 ·
‘ 77 977769 766969 779967 ,667969 496767 777769
77 664744 467744 779944 676944 4449447 777744
’.79 797777 474977 747777 999977 499977 946777
’ 90 779799 479799 796799 Ι1794799 · 477799 769799

...nunu-dannan*-

⁹¹! 799977 447777 769497
97 746664 494464 777764
99 159049 46764 7 7967491

94 7777676 466676 669696 797476 977776

⁴ 96 666066 494066 979979 11779791 9479741
96 μιῶἦῆ1“”ῖῆἶῆφ 7μ4ω ηςωό ss4ffl⁶ M4m⁶

979499 949999 199209 967699 959009

97 777999
999694 969794 777994 997494 977994

98 774994
99 ²3700¹

946997 976697 7764971996777 976667
’11“”’ἶῆἱέ“1““”ἶῆἆῖ Ι 7766 Ι 79661

*Ua-..a--n—-n—-n

7400 1 7966

..mo affl -mmm

· ommwwmwsmmowmwstmw5mmo
> 7 974997 474797 994497 994697 774997 769997

’ 7 979994 499494 769964 979794 799694 77999
3 947999 497699 999799 997969 964479 799999

4 , 996976 466976 997676 949476 979776 979976

979979 497979 977979 969979 994779 979979

‚mmmm-6*— ...m-...nm-

5
’ 111 974996 499776 976496 977676 747776 99796
7 11111111 469449 949746 997749
, 776997

979664 955264 496964
797777 969667 477467 - 697777 979977
79 7497991997799 994799 496799 999799 499799

’»7 794777 966977 999977 499777

“ 769744 999944 97977944 469944

. · , 797669 794769 677969 479969
· 79 776796 666996 647796 494796

· 79 779779 679779 996779 999779

”““““““774747 477496 · 676676 979696 997696

799799 697699 086039 - 538489 55011889 §05²8
797974 799974 999974 999774 676774 976774
766967 699767 779967 667767 046666 999967
, 799499 694499 779499 9974991 996496 999499

 

