⁶³·ss·*.-fss400 1 55500 49666““Ῐ““”ἷζῖἷξῖ“” ’“ἷ“;ἶ9“(;ζζ““”ῖ““““ἶζ;ζζ““’4

m mm*

641 499644944 944444744 449466944 448469444 4949744444 444744444
64 674444 474444 494444 444644 66464
69 464969 466969 849469 474169 684769
64 499496 498696 966896 969696 666496
466449 469449 9944491 535225 *695225

4²555⁶
228089 444449 444449 494449 764649 944649

68 259024 964644 486444· 649844 999494 977024

69 449964 494764 447464 664464 449464 555005955 ·

76 446966 444966 444966 694966 446966 040900

„ww-mmm-

71 444444 446644 446444 744444 4496941 694444
74 444784 487484 644484 744984 946984 464784 ’
73 413729 448849 . 644949 787949 994449 496749
74 444676 449476 674676 449676 999474 464696
74 ,474644 946444 764644 446644 444649649 200625

mmm-ow

761 466476 644776 746974 444476 047576 232576
77 447449 644949 764449 944749 679449 969949
74 464444· 674644 799644 944444 446444 494944
79 499444 764444 444644 974444 444444 944444
86 ’ 696466 796466 864466 449668466 174400 3⁶⁰400 , 9

*—mffl 4

84 Μ664964 767964 899764 699964 466464 994964
44 694444 794744 944444 676444 444944 444444
83 949449 449449 946449 464649 469649 446489
44 744446 464446 947446 444646 964996 488256
89 789449 894449 999649449 4 66449 κ999449 946449

’'ff—*wm-

447469 944469 ’ 644969 449469 494769 444469 x
985 744 113344 460944 448444 646444
449646944 444744 494444 466944 648444

648466 4764061 944466 494466

wss-——ud

9ς’6794844 407484 999684 949884 744684

474444
969444
946466

1446666661941 488864 887464 999669 744664
699649 ²70²49 448849 487449 776644
9646 96 496496 649496 868696

664696Ι 474896 x
333025 484044 6 946491 846644

Μ6996491 464649 Μα---- ...,.}......-..-...„

μ446646 499446 464446 949646 684846 874646
497669 466469 494849 949469 744669 9646691
„ , 449664 497664 447464 576804 746464 994664
99 449664 948864 448664 668464 778464 968664

ana—'W mma-*⁶⁸¹-

446464
444649

{x 8464964 949996 446696996 497796 964996 994496

 

