..[1... 3399 7 317919 7 3499 7 ’99991 691111

666 4336346 3337643 ‘1 ·· ’ ·
n 337734 33393 3469
63· 741727 ’33636 37636 36336

24 ’9463 -49997,1’673 2 376376 ·
,33 999639 4919633 ῃ 3666 ”ῑ

11361 7557] 4702757 663476 ’3ιοῖ 1' 1 ” 1 1
7 ,999 39 63493 990339 4857 ·
73 9399341 439934 333334 399734 3 .''

727 363443 4614646 366646 333346 ³2
70 7727 433366· 364366.. 466

³¹ 377366 433366 ¹ 363766. , 463766 · ‘
3² 363364 433664 364664 466664 , ’
36 966339 446339 939439 436969 ”
34 336736 447336 364336 463336

,3 999669 493339 939339

136 666763 4363361334636 1 -
479933 7477zr7 446933 ’964374 993333
49 93769 479699 993699 433699 ...9169619911- Q ,

49 993 36436 363364 466764 339434

43 6364 433643 367643 , ·

44 633336 434336 373636 336736 363336
45 949939 ...1499933 973933 477025¹ 99.....-..1116.979Ἰ 979933

46 644366 363766 366666 466666 700131⁴⁶7'’“*'' 540517
47 643663 363463 667363 437663 993399 544009
43 633364 363664 336764 436364 666364 551504

1 933933 4702817 936463 436666 974666 963066, .’

43 636666 367666 633666 437466 637693 997993
99 967999 933399 ,6993399 993996 .· ·

93 667993 937393 997493
36 676364 336364 636364 366764 ·’ sp
7 7777 ¹ ²

33 933933 346939 937933 933939 · ·
93 933336 3367361 636336. 373636 634336
Q ⁰740477 7574477 0377477 336643 6336141ῑὶ 3
36 636364 366363 6437341 Ι343334 054954

·. 397963 364333 ..636646 ..646463 979333
69 39769 969699 993 63699 993699 979699

33 676663 336663 667663

94 939936 943336 939336

 

