*1149906οΙ 93300133400 Ι 333001 ww&

*hd-mm

4970903300 0880649700 0890399960
80 970444 647944 444444 087003.0704ζ 797004 903904
99 009907909900 744699· 430099 037099 964499 600099
84 381646 ζ 840446- 448449 444646 τ’ 974846 70869·

644444 444444 9882079295 846444

v· 397796 4930064990 440096 =· 090396 93349
· 504369 070764 834464 466464 464469 4864040464
60 944 079344 966044Ι 973744 400344 04994

:89 707900 384444 4860674044 786940 468744 446440
804066 464066 086066 „ 888066, 606066 464066

, 930680 468880 487680 994480 70 480 474680

90 0340034064 403664 394064 0994064464 33 064 349064
1 049949 300449 300049 009649 936049 69644

446446 909446 668646 406846 4883644646 794446

“ 337644 4840646644 ⁷¹5⁰²Q5 4446441 044644 464644

46610616894666606

,96 469606 044806 844606 490446
7 476464 449664 949664 648469
99 ⁶76804 346404 0360036004 743004
,99 7844600 44 464 044660 844860 4846 00 144460

11 53809 53900 Ι 94000 1 44066 1 44466 1Ι 44466

, ο 4844446666 4464406666 4406666666 4946806666 4647646666* 444849666

’4 447663 407860 068664 90846οζ 748460 498660
7· ‘952⁴ 71118 3¹⁶32⁴²⁹²⁷2²⁶93⁴· 171ξί6 3532*
1 aug und 4ἕω1 znngwnwwg ῃμᾶ
4 943004 44003 340003 330004· 080003 0949033003

6 4894684646 846846 648646 499446 4464491 040646

46 864 ·
479004

407464
444864

4 093049 964049 436049 467449 399949 030049
8 466864 4666674464 864664 674664 467464 948864
. 408480 480080 970080 783880 604680 467480

06 1 .406466 488066 2997080100 8140631 741466 476066

11 μ644740 494440 088044 4648066440 830400Ι 684740
0,0 730344 303744 096004 ’008344 940944 j. 793944
104 848464 640469 464069 406764 2939049369 664969
04 446446 744446 404046 444996 447746 4666606496

ζ44 14846644444 847444 690929 493225 4 66444 ,,· 409444
00 060940 933036 409036 440446. 374630 007936
07. 069499 907040999 ,936089 649699 493..699 336499
09 344004 030704 ’71944904 737904 39 οῖ’304 441004
’04 , 484760 448464 4608644464 866464 694460 633764
46 „ 494466 466466 066466 974466 868466 664...

 

