9 mu

*uun—*ffl-

W

69 96799999919999499999999966999 994646999 996999999 969699999
66 669644 969944 6799966949 669944 969444 699644,
999969 999999 999999 999999 996999 999999
496999’Ι 996696 999699 964496 649996 999996
ΞΞὶ 494999 999999 1402133--273m3223 666999 769999

66 999999 999996 996996 949996 999996 696971
69 999469 673669 999969 969669 964969 66746
’ 69 996994 499994 999694 999494 9999999994 996996
69 696969 499969 994969 996969 949969 949969
’ 99 - 664999 466999 999999 996999 969999 964999

Μ

99 999949 999949 999449 999649 999649 767994949
’ ¹ 99 949994 999994 499964 994994 999994 omn

' 77 93696

99 999999 999999 946999 999999 999999 999999
76 667476 646676 467976 999696 996696 94949
76 mbas 669666 669699 999699 999699 969699

’9977 99999 996996 wmm
J 999999 ⁶027²9 499999 999999 996999

76 97666 766664 646664 606664 696484 ’ ²9⁸0⁸⁴

ἰ »9 994999949 694949 999649 949949 499449 999949
·ο49499 999499 999499 994499 499499, ,Q

¹ 99 4974969 999969 996969 699969 9999691 ’499969

999 94 749994 999994 999994 946994 494994
999 69 669469 994969 999969 969969
999996 9969999699 999 999 999499 999999 999996

“ 1999999 964999 999999 996999 ,669999 999999

9 999996 999996 949999 999999 994999 999999
· 9999999 94999 966999 699969 949969 699969
„18:¹³ 99994999999944 694944 999944 969944

mm

·3⁸9⁹²¹ 999999 96991 969666 8²¹¹²¹ 766966
‚ 4²⁸¹ 996999 794996. 99999·· 669799 9677799

469999 - 994499 949969 9999999969 um

96464 696664 999964 949964 996964 649494
- 949649 999949 999649 649 999949 99 9449
.· u 999999 499999 999499 999 979 9699999999 Ι994999

699999 446999 999999 966969 999999 969999

*sm

9999991 ,4947497 999666 994696 994996 764999996
ἴς 999999 949499

, 969921,- 999699 999999 9499
99 . 6994 49 694 9694 999994 969694
‚, 99 699 696667 497499 99 967, 2188(stx 999797

 

