ι , 6 96766 96966 97666 -9746631974663

0 9646646666 9697676666 7449666666 9466446666 9677646666 96974

7 999664 749664 444664 964467 994464

’ 6 467664 697664 666664 696464 9677666604 974163

. 4 441469 991419 441119 791119 117119 174114
4 694476 9496669476 49667 666676 697676 7444

. 6 606116 179016Ι 670016 611016 411016 617113

j 6 967696 691696 664696 9664699496 9664967 97766
7767944449 411147 791149· 119449 141149- 5264⁹4544

’ 6 74664 ’ ·

9 964447 694667 9196966447 '.

·46 976766 746766 746766 · 994766 9647647 4967

1 · 77 469767 6649647 494767 666967 9479646964 99777
·- 11 114444 977744 414444 7114 2¹²544 444666
14 711919 4149119919 411119 1147191 417419 779,
44 6969961669996 996496 9666666996 444796 99494
· 197 944119 717119 711119 114119 ·499677747997977

· ’ 11741111971913 447191 114191 147441 171191 1141
·, 556 171419 644119 941119 441119 719149 1414
w44 2851246‘5872463251‘5252564⁶59216—2595246 494117

9964679174649967 41771
694466 767466 961400

8086416 1 441647 555

3987616 771967 766967
4 206 3514055 666466 766466

1 67 ’ 666644 9646666644 994447
” 611414 911664 997444 477
66 ξῑὲξζὲΜ 3²⁶30371296 474769 64,96619

64 7396846 414014
14 699119 117919
14 911971 ’441771 191471

69666 76 9669 766669

25 9 6966416193 466116’

, · 66 794676 ¹56454766 964676 979676 679674 7764
’ 17 417919 1147114191171719 494119 ,919414 7 ,
66 417964 ’797114 191764 66696419179649964 4966 ·1
29 335245 977647 96664 4 764647 496447 674141,
50 146910. 6161014901 416966 6969667 ·,474946 7119117

W w

“ 4466 711911 141711 944911 991111 417411 144 1
471114 141114 149114 4114119414 411114 55 7
919119 5⁴64896 763089 5796596—646459632574755 7

665230105550 480366 677166 699996 796796 41761

257225 9114719Ι 996769 4037969 ‘845225 79911

·.’1“““““”441191 711191 4194116191 611491 969191 41111
-4·7 44441 111919 119419 141719 4171174119 55¹
76 791144 949444 444444 791144 711144 1411
4 99’ 677947 9644649764 44 7525 669967 969747 7609
97 769666 769666 967669, 97 9666 477666 676

 

