'NJ 33999 33399 Ι 33399 33399

ΙΙΙ3333433363 3333933363 3336634333, 3433343363 3433333333 3433333333 -
333334 343334 393334 433334 ,
33 634339 363439 993939 37463

34 333336 333336 3333334636 633436

331 3633331 4943331 343333 333333 493333

66 333396 633336 333396 334996 &ww-''⁸''
33 3334393363 336363 334333 3439343369 339363 436339
33 ·333344 343344 493344 336344 646344 333344

39 333933 939733 697333 373333 963333 679933
99 443399 3336976399 724100 393399 3433939399 733399

'‘m-⁶ mnu-..-

93 5⁶4281 393433 349633 393333 397633 993333 ’
93 633464 333334 333334 633364 334364 3433333464
93 396649 433343 3393333349 343443 433349 339649
34 933336 343336 333436 639336 343333 333336
93 3373333933 333933 393333 336333 363933 334333

mun-uu..—

96Ι 343336 774436 433636 3439993336 733936 493336

97 363499 399399 349399 399699 399999 693499 ·

93 33363 3333933334 633334 336434 3433336334 333634 ’ '
99 493393 333693 773493 443393 333993 343393 ·

*Μ*-

Η 33699 Ι 33799 Ι 33399 Ι 33999 Ι 39999 Ι 39399

9 3433969999 3443699999 3437449999 3469339999 3433999999 3493339999 ’

3 3434977393 397493 337693 337393 333993 933393

3 394434 934334 333394 443694 336334 3493346434 .
3 333339 3446343339 393393 363439 334339 364639

4 433336 339636 939436 633336 473936 333336

3 346933 377933 3433933933 799933 399933 493933

Μ m
61 663336 394436 343636 936336 333933 339393
31 333443 333349 33 3343 3433334649 339949 397449
3 393364 639364 339364 333464 944934 733344
9 3433934333 746633 498433 3703833433963933 373333

39 333399 3643991 6363991-333399Ι 339399Ι 993399

man-mmm

331 349333 933333 333333 3339331 2981213494110321

331 363344 3443393944 333344 363344 436344 333393

33 433363 336363 933963 343369 334363 34639

34 633996 333336 3433636396 339336 633333 464936
7333331 4333331 334333 933333 3393331 333333

m

361 333433 363636. 333336 3433393633 333333 333433
33 933339 636939 439439 ,33ΙΙΙΙ343399ΙΙΙΙ mx .
¹? 3436ῗξὲῗ66 626666 .666666., 663363 9343363 3493936363

39449913443933499 793499 366499 369499 374499 , , ¹
3363·’

 

