ΓἻῌμ-οο-Λ. 4666 ,1 43661 4466 4366

“ὀ““““““’ἱ“6’6”ἶ’6ἶ”ὃο”’6”’Ι 66866666· 67646666 33496666 69366666 ’6663666

, 3 668663 838666 ’. 648466 · 498663 368866 639663

’ 6 636664 839464 636864 367364 377664 6686·
3 634369, 834669 663363 33336 ,336439 3776 «ι
4 ’,3636666 843836 673636 334436 393666 63663
3 646663 836663 686663 333663 , 464663 693663

6 ’648636 899636 696436 943696 ,466836 364636
⁷. ι 666649 66744 698849 33634 463649 333
31 664664. 879664 · 767664 668364 436464 36666
9. , 676683 883883 f 733633 ,967483 439683 336663
6766 7 --448666 3463

6 686666 896666

⁹ ¹ {Tm-omn 966336 Ἔῖςῖπῷἶ, 436933 349333
33 696644. 9633 1746944 3933 463744 3363
13„ 664669 ’mai 749369 666981 ww} Ι8673· ¹>

34 Ι363396 934996 737796 639394 ,433696 3763 x
363 , 336363 933333 766333 8693334 49363 3833ὶ

6 338333 946436 7746363 83333 363336 394336 l
- · 396669 949669 783689 638489 36968 463339 3
ἵ mss} 967964 793684 649664 ww} 43633 1

363363 Ι966666 799963, 333393 367366 466366’
,, ,669 974496 868466 3434999 333646 · m

363443, 963643,Ι 836843 873996 343343 43944 x
376434 996884 833384 679684 334634 4434 N
33433 999339 333739 686339 363939 43763
..393676 67967376 843376 ,694978 376776 46637
x 366633 633633 336633 763633 386633 473636

.“ νῖῑὲἱγσ· 939974
466779 636669 6
334734 646884
,333843 648643 746646 366346
346966 636966 748963 634966 634933

’ 467034 »079484 ’969834 766664Ι ,643634 93963
33 36668, 636689- 938389 774889 ’636489 3436
34 ..373396 ,989966 966766 789336 ,6636336 33763 ’

· 33394 mmmmm*

324281225 698363 9736639 7963663 669663 366663

mu 789796 666496 . 943696 soffia 67869 3796
’37 367369 634769 933363 369369. ,666969 3843
asu. 396444 ,333044 963664 m · ,696844 mm
39, 363366 636366 969663 866963 764766 666366

ff! 966666 639666 977666 833666 763666 666666

 

