98 ,8889889984 898889 898984 889884 9889 =
89, 898888 898889 44’48,89 8889898489 989899 98489
499498 8848884898Ι 898898 999898 . ·

5158255ffifflfflfflm
89ῑ· 899999 998999 ,899899 44499999898999ζ9 99889

98 ,9899888944 788844 899944 8884889844· 890944 8¹8
891 988988 99·4888 ·ff561921 989999 899998 98999
90= 999988 88499489881 748988 99698887898949884 6999

91¹8—7'3-'881 996889 W
92

923 8⁶4 9999848686998464 748894 897264 87898696

L 988889 889989 ι888989 484989 9999989898

,99 88889889449 898849, ..988849 989849 989849 89898
ι Ι 899998 8840368 4928368885521636„ ,998496 43899
48989918843898899 679025 -·,988899 957025* 696899

896 888898, , 998898 889998 49441897041456588 9998·
97 899889 4420998687051409 68080941, 998989· 9998
98 ’,8698898484 898884 999884 989984, ’996884899399
99 μ9449899· 894889· 4238018696053691² 709401 573295
8 88 99488 8 98988 8

8—-nuuw

988775560900 8949998888 8788988888 8999688888 8798440000 881721
· , 948888, 4998888988849889- 8999888, ⁶27501
8 , ’999884 894884 ¹ · · ··

.'j 3977188 998016'708818439818i ’9998499984Δ
&94025 8748185025 8968994ι 899889, 9788898898949899

7948884 499884 889884 948884 98
ζ’ 9 . 24528139330815644881 998689 88'90’128481 988888
8-10 musmo 8744998988 999988 56410013161008810088100

99
’88

801744 494844 989944
998989 ⁶8¹1⁶9 899989

998944 848994 4899
9888889888 898989 8989888
84 8988899998 888898 988998 9899988989898998 8998Ξ
’991 989999 8949899999 988999 989999 254225888209271588

,88 949898 8488981 999498 888898 448898 88989
8517 799889 42928988784152689 896889 899489 4058888

118 m654921 30718Ww

8:18 9ιὲ88984 888884 999984 8989888984 889884 9989·
9’,99898899.88 989989

999989 998989 9889984989; 998988
0· ²9⁶4⁰⁰8 999409

Μοο 4984888 999488 986

 

