*ψ*

96999967989 6999449489 6967649689 6989869889 6666966689 6696898989
498964 669964 969964 6994694964 969964 996964
996649 969949 969849 966449 499649 669649γ

- 999996 999996 6969999996 946996 969996 946996
· 994699 69996996991 292026 611026 760026 611176199026

,· 6996679796 994996 μ4949967 67999ἷ7 999996 979796 .

9 96ῖοῖΤἿῖἷῶΤῖιῖἴΠῖἳῖῖΤἚΠἿῖεἶ7

2
-6
6
6
7 997469 496869 696969 899669 6669679669 994469“ “
6 699104 678704 776604 997904 267604 497104 ’
·9 9668699 746669 946469 6989966969 466669 699869

6 799966 9699666969969966 999966 969966 899966

9

2

6

4

*dumata—munuum·—

Ι, 8842016553064405 964669 484869 799669 989969
9699649964 996964 496964 649964 669964 6696949964 ·

407669 988969 988869 ,869469 6669696669 996669

869996 996996 796996 979796 999996 479996

9 ...999699 799699 9996996986994699 979699 696699,

*nna-*mm-
5⁶ ⁶92⁷3⁶ 699996 6996699996 996996 999996 999996 , 3 ν
9 694449 6994699849 999949, 499649 966649 969449· ,
8 6998696964 997764 999964 696964 869964 6699994964
9 ¹77881 669689 969489 786989 6669699689 986889 -’
’0 669666 999666 799666 949666 987666 449666

*mm
¹¹ · 601669 688999, 889799 6987967999 350121 699999
·9 669644 649444 6999649644 270244 999644 999644,
9 894969 6999669969 969969 499969 699969 999969 -
Ι4 986496 .969996 979696 694896 887696 6696966496
99 6999948999 9999997 994999 79799976664666999 9699999

6

6
69
69
69
70

479689 699689 8984896988689889 999989 988689 ἰ

666424 617024 6672020024 244224 4878241 761424
799969 978969 989769 466969 696969 994969
996966 6996946966 944966 9689661 899966 6699676966

7976946998649 969849 967649 7999497 979449 ’999649

7 609966 49616ἯΜ9999964 mm ζ’.

986984 464784 669984 896684 66699 97984 402684
99 499999 696969 899929 6969999929 300529 669999 ”
74 669876 788676 993476 998976 469676 797876

75 769699 996ὼ999697μ99699 986699 699699 Q

96 999996 6999999996 999996 949996 998996 6699699996
99 694 9669999 994999 499999 969999 996999 296999
98 996884 496484 649684 867684 6666999984 698884
99 499649 , 996449 864949 69966996649 999649 949449
86141 9744661 766466 9664667 9994667 498466 764466

9’” 6199Υ
.· -'·‘

 

