5

999919,- 29232919 ww 1 44766 1 44666 1 π

44 4446444441464444444 464464644 4444444444 4464464444 4444444444 ·
²². ⁹02084 446448 444444 4444448 4446648

25 4440444644 444644 644644 474644·

2⁶ 474444 ''''555576 444446 444444044 44444 444444 '‘
’47 446949 411729 747449 064949 447949 799949 .·
26 469484 464784 776964Ι 469964 451554 497444 - ¹
29 466044 497644 449644 449444 969444 664644 , f
30 244900 640400 646900 ’494966 944966 ἶ944966 ·

941 467764 969964 960464Ι 496964 994964 966764·
3² ’8440649 647644 949444 ’9479644 696444 4444444644·
33 373489 670069 966669
44, 446446 444444 4444449994
35 ὴ692866ῃ 766 226 073226

343469 679449 694464-9 · ,
’3667469 749996 466996
446449 7674491 144225

444464 444464 644464 444464

” ”’”’ ”””’ 444444 444444 644444 474444

96 967644 664444
99 696744. 946944
540 9679666 974666

441 746464 ...q-..Qum 994444 674644 477059281 4674449
441 744464 4447448 446444 444464 044464 4444444·

446944 944444 944944 949744
4949666 647666 969666 9696669

96 964696 7994968 446496 499696 646696 466096 2 9’ 9

604444 440644 444444 446444 446644 444444
9443 . 444446 444446 464446 644446 ,460446 , 444446 ’
45 888025 187025 50602'5 ⁸45⁰²5...........-.-........- 464679 969649 ’

496446 949946 888516m
44 444444 444444 444644 444444
44 4640467444 446444 4444444
Ι«99 699664 359405 6794648

196 Q* 4649696 72150047321692052551 444966 664966 ·.

{rmum 449664 764604 466664 466464 846401
⁵² ¹⁸8³04 466744 4444448 4444448 4444448 644404

474444

44 444444 444604 644464 444404 444644 444444
’44444 444444

’.,64 474446 474946 499746 496976 κ
644649 4464644649 .,

55 327026 646649 996649 Γ46664

9 *444446 644446 464444 444444
7 404869 704449 4696496449 967649

68 ’443764 747364 · 066964 446964

69 , 79944464 444464 494664 9 ‚y
60 634600 ,649666 449666 4,·497666 .

Imummfffflm-”nmd--n—-m

 

