49 9090719999 9099699494 9099699699 9937709999 9046749099 9099906499
4941ὒιο43641 793364 ’799764 9900964 ’939964 99696

ἶ49 694649 979449 ,974949 ’ 690449 ff· 949049 997649
44 -99499 -969496 964996· 990796 4047049996 4096079996
4914099074099190900930999099099099190390790991 990099 969099 ’

461 ’963796 ’94999Γ 949996 *RE-1⁹6 , 9009961 ι

47 . 993403 - 939909 939909 999609 -- 999003 · 3904

48 343104‘ 911794 911914 , 941904 981994 44119

491 439909 499609 499409 439909 ,479099 939909
909900 999900 969900 699900

90 ,999900 909900 ........

99 mmmm 693009 793909

94 704904 694904 694704· 709404 · 749904 ,909904
99 Ι794609 · 774409 774909 799409 994009 994609 ·
’94 ,999396 969996 ,969996 993796 994396- 999396

-99 9749499· 9940499 999049 974049404907904994097076049

nun-

96 9099060736 9099049336 90300439369039064336 .. 909936 966736
97 ,490449 494949· 499449 494649 ί496049 ·· 497449
99 ,440464 4447644 449964 ’444964 996964 949464 4 4
99 949694 944694 949494 999494 ’977094 4499994 Α ,,
601 -4996001409600 403600 499600 467600 ι999600

169 909399 -499999 493799 999999· 999949 ’690399
3⁶² 999044, 994444 999944 606444 649644 744044
69 699769 674969 679969 ,696969 “ 799469 · 904769
64 779496 ·769996 764096 786996 949696 999436 -
69 ’969999 999999 994999 977999 990999 qim] -

annm—mmm
466 997996 944496 944996 96799640490447964049079996 4
’67 9093047699 9099039099 9039034499 4040097999 909999 96469
69 937494 999094 994694 949994 999994 ²554245 ,
’69 997969 990969 994769· 939969 999369 346969 Ι
φο 3969001 300900 ,3049001 3999001 379900 436900

406644 9904441 999044 449444 469444 347944
74 »0496994 490794 499464 909964 999994· ’649994
, 996499 970749 979949 999949 644949 70944
174 ’679976 660676 669476 690476 799076 799976
,79 7696991 790699 799699 790699 ’9996991 390699

79 9094034994 9093090494 9039096094 9049099694 097994 · 969994· ⁸
79 994649 [990449 996949 949049 Ι997949 993649Ι ·
¹ 494400 479400 944400 ι

1881-ΙΰΙ-ωΜ8-998715·11(’8,7611 8497761 870976 996976 981370 · ”
77 ··945¹29 ⁹3⁰5²9 mm] 961949409000679990990799791 ·
ι

30 994400 1900400· 90640

 

