Η. 40600 Ι 40700 Ι ⁴ 40800Ι 1.· 40000 Ι 44000 Ι 47400 ²
64 4607846074 4664400474 4660674474 4677804474 4686000744 7604747074
67 494444 446644 764644 444444 647444 446444
64 479469 644469 ,7647694 967469 469969 ·494464
64 760496 ’764696 866496 4678649496 444696 474446
⁶5 ,¹ ⁶4²²²5 785225 948225 4447701 334225 :557225

⁶⁶ 744446, «866746 4676649946 744476 Π446476 644444
67 804889 948488 Η4689 ’494689 498440 4774449
x, 64 ’446774 4664649644 494444 477074 740674·

’“ 69 967464’ 444464 474464 494964 667764

fflffloaswoo ¹92902--256900 7400001 744000 068966

’ 71¹ · 446444 474444 χ444644 677444 8²704¹1169505¹²4¹
’ 72 211584 355984 ,810384 704784 900784 744484
’380646

994449
87073476
494674

74 494949 447449 664449 786770
74 474476 2 449676 Ι684476 464676
74 ,444647 693644 764644 040674

”annu—⁴

76 446976 664446 647476 4679644476
77 648449 768748 849449 444449
78 · 600684 8474844674040884 406484 ’
70 784047 ,046844 ’ 007644 778444
8οΗ 8674007664008400 ’ 474400 0604001

’8ῙῙ-*946764 080064 706464 - 447764 ,
47 4674044444 474444· 44794 444444 ·
8³ 406480 494089 ’440680 606780 -
44 447446 444646 464446 644776

8ς· 769774 446444 487779 · 770225

8

47 444969 · 479469 746769 944460 444967 764969

88 946844 668844 8484444680076444 774744 Υ447946

·. 89v 8947Η 74²5²¹ 9¹03²1 698474 300074 533721
90 676400 874700 007400 Χ480460 388100

91 747484 967684 4674077444
84- ⁸38⁸⁶4[ mm} 4046641

46, nom, 497796 664996 8444964688649496 -486486

, 93 070440 4664068840 2³7449
94 4646004646 440436 ³¹9²3⁶

95 ‘⁰83025 232025 401025  
9⁶, Ι’64446 ’444646 487846 677046 4
ι 960400 4048884

4669444664 4744
477804 447664

, ’, ’97 444869 494469 ,464649 744669
94 047464 476864 646464 846664
00 408604 508407 778704 048004

 

