4
11
6
1
8 Ι

61

*mutu—...—

111

14

1611 1111 191191 46119 9911917139 169119

971119 911119
16 ἷῐῐ““ῖῑῖξῑ““ἶῑῖῇέ“ῐῐῐῐῖ 111616’1661161111116“1ἶ1613
ᾇί-λιω 19619 47019100489 171889 167189 180689 714989
10

19·

«90404 91104 161604 191004 961404 438864

9 16609 41109 91109 161409 199009 969609 494109
16 10116 41616 91416 169116 194016 964116 499616
199 11019 41019 99019164019199019966019 ἱ ·

---------..........·--„- 4⁹7025

161 111161 41416 Ι11616 164116 116616 161116 411416
41 11441 41141 14141 161641 111641 161441 411141
64 11664 49164 94164 166464 191064 9696649 961164
11 11111 49611 99411 167111 199011 970111 901611

44100 96100 168100 160100 971100 904100

*ιι-ιι,-

111 11911 44917 96711 161911 161111 979911 909911
144 11144 44144 11144 161144 161144 114144 166144
161 11161 41161 .11161 116161 161161 1111611111161
116 111169 41116 11116 111116 164111 116116 161116

914 19914 47914 101114 174714 168114 181914 515524

ῃ400914400 41460 101400 1764001170400 914400 911400

149

30

w„-

19 961 14161 ,47961 101761 179961 169961 919161

1

31

2
33
34
35

mmmmm

232 123321 411411161641 177141 171411 1116411119141
1

5²9 ¹51²9
57⁶ 11376
619 19619

, 49114 101684 178084 171184 386884 521284
49719 104119 178919 173129 388119 52-729
96176 164976 111116 114116 111116 114116
²5! 50625 769619 11061911179619 990619 919619

-a—

676 19176 91076 106176 111476 176676.1911769917076
719 16119 91919 106919 181119 177719 191119 118119
714 16914 91614 161114 111114 111119 114114 111114
841 16641 91441 108141 184941 179841

391611 ·53¹441
9009 16900Ι 91900 101900 114900 110900

mmm 6116
⁹⁰⁵WWW 119761Ι 1119611 991161-99Ῑ961
1014 17414 99114 110114 186614 183014 399424 535824
1019 17616 94119 116119 111411 114611 466611 111111

5

1196 1796 94796 111996 111996 181116 401996118716

..m-—

³⁶
³⁷
38
11
40

11191 19119 991119111119 1191191116119 409119 940119

-u--u-n—-q--t--nn-——m mm*

11961 11496 99696 1111968190096 187196 464496141666. ,
19491 11766 96169 117969 166969 111161 464161 141161 9
14441 116441 16644 114144 111144 111444 461644 114646 “
1911 19911 97111 114911 191711 196111 40832¹ 54⁶¹²¹

1600 19600 ..ς-71010. 119600 199600919160094096001947610

Μ*

.6

 

