44466 Ι 44446 Ι 44466 44466 Ι 44466 ”

64 496466994414944969944 4949999944 4999949944 4994496444 4999446947 ’,
¹⁶²w 444644 444444 649 4444 464644 444644 ’
ΓΙ 444464 4444444464 ⁸''wffii 6464661 4751651 444464 6

7,

μ’, 4

22 330496 449496 946 4 946696 964696
Ξξ’“”““”ξξξξξΞἶ““”“ῑῖἷῖἶῖ“’””“ἷῖἷῑῖἳ““”“”ἱῐῖἶέ6““””“ῐ4ἷῖἓῖ“““’”ἶῖἷῖἶῖ
66 964444
69 669464
0 976900

*muna—n·-

44 4464664644 4644441 49ΞδῖἶῘ”““Ῑ99ἶῖῖ“““““ῐῖἷῖἶῖ”“““ 464644

uwu 5664 munzuwuv4 mnu
694964 496964 466964 444964 966464

76 Ι96464 ¹ 446464 464464 664464 ’· 444464 444464
44 466444 4444664444 664444 44444
74 467646 494696 999496 82227

408576 449996 6999696996 884176
44 444444 446444 444444 · 444444 444444 646444
46 unu mnu ’ϋωμ nwumumnu wssu

464644 464644 4444644644 .

646400 494466 946466 464466
641 666666 44446ῖ“”“”“ῐῖῐῐ6ῖ”““’“ῐῐόἶῑἶ““”“ἷῖῑέῐῖ”’ῗ“ἶῐῖἷ6ῖ “

64 26 9944 4944696944 862724 689664 535514 401924 ’ ἶ A

84 677669 464669 946669 797469 644664 946669

444 444446 444446 4444644646 464446 444646 644446 ‚

641 999449 386225 467449 4996644449 664449 946449

66 466446 444446 444446 444446 464446 446446 ⁴
64 464464 446464 464464 446464 4444646464 444464
66 946444 464444 444444 444444 446444 6446644444
69 6906444944 644444 649944 444944 4999441469944
9ο 494466 946466 728 οο 996466 4644661494466

949 4996644949649664 696466 664464 51366?“'*'}66665

·949664 496664 944464 776664 666664 469664 ῖ ᾖ
44 444444 444644 4446644644 444444 444444 446444 4
94 969696·» 996696 466696 969696 646446 964496 ι
64 694649 466025 46964914999696649 949649 646649

...ι-*Ἥρω* *νημαι-μω*-

,, 966646 999466 466446 4946699646 944949 .
646444 464464 444644 464464 4444644664“

Ι96 ¹ 996664 764006 696664 466604 674664 444464

99Η7969464444 694644 964664, 996664 464494 251201 ἡ

 

446449 444449 4949649649 847225 696225 ἷὲςῒξξ 3 ,ἦ ’

444444 446444 4444664664 464464 440666 1

466466 964946 966966 494966 4996996966 s· -

