11 964661 969661 966661 9679919 6999 1 9¹⁶9oo'
8491089899641678899019347118701’30090196196389181019406314361 ,
99 9969449948949744 469444 7999649986444944 999994
191 96998911979889 001489 949689 1496.89 799989
9969464496 469696 7998469 969444696 969496 999994

9911 999449 664449 9894491 496499 *ng—⁰322519406o90225

16 948496 899996 9948484996 949996 999999 999993
89 944469· 9949648969 999969 744969 9989499799 47099
99 994444 444744 969944 946944 979944
69 9946447444 494944 464744 9968446944 47999, 4990,
90 9999991 698499 9964991 904999 679900 0400000900 2

911 513081 8111819349149431Ι 497 81 11118831 18408111...-ἶ
9² 99494499 ,0944464 944864 694464 9988699664 448664 ·
9³ 999949 999649 996449 884849 499449 644649 -·
0,, 0 ,9099944 499896 949696 9969698496 449496 896696
001 285025 994999· 99399919796991 641025 9498999999

Mna—*mm*-

··474096 987210993501164169 469696 894””’8461 994946·

284544

674669 986469 969869 699469 9989648699 499999 ·
98 864004 9931173604 508204 899864 999494 649994
99 9392057901 366801 696694 9370046401 499901 806001

11 97999 1 97499 1 99999 1 97999 1 994Ϊ””“1’““’07οἶ0 -

Μιὴῌ

1 999994 998464 448864 699464 9489449694 649994
984669 994669 444469 874869 944469 9 99009
776946 9499986846 647646 9468668446 99994619997040014

979999 381025 812025 26 025 73 92

994994 694994 9448914499 484699 9 54801 4499941

4

09wwwwwwumwwuwmoewfflmummm

99999

419Τ99ι4,4996 99949694496664961 497696 94994 Ι449999
1 1119 1499, 918 8991469461 4994
g 111181 9480197881 989681 9409044981 513285 849998004091
1101 949499 ⁴ 4 784499 9161991906ψο0 90 900

“ann-wemma*- ιη·-

Μ1111 11,900091 '''{TE}39 978521 499799 999994 395121
125 4 328144 96944 94964 4944 649 44489699944 996444
9¹³! 522169 935·9⁶e 9699691 849969 49 969 989469
948 746996 94994 48996 964796 9479944996 487396 980196

901 990 991 323225 7969991 9999991 6899991940017499ς

84019499 994996 94 496 996696 464896 899996 ’ ,979496
998989 744689 9494449989 998489 9499974889 969989

1Π.499944 999994 999946 799494 966794 790324 4

⁶8⁶3 68 9499496· 64 993968 987761 464964 955999

9999991 ⁴.22‡229 798499 94744894991 69649919944140400 ¹
8999 ·

98

'8

 

