x 2

999999969 664999969 669999969 694699969 699664969 694696969
966994 994994 969994 949994 999994 966994

- 417969 616669
466996 999996

.Ι 999999· 499999

964196 491996 991996 949996 919996 966196 ’-
.619169 996969 449969 999969 969969 996169 , ·
² 669144 969944 499944 444944 419944 466144
9 711121 696999 946999 494999 469999 499999

996469 999669 969669 996969
999696 946696’ , 999496 966996
949999 996999 Am? Ι · 996999

........⁷⁶⁰¹⁰⁰ 6669661 996966 544100'519100 966966
919 ξῧῧἸ ssfln' ⁶&ss1 ww& 5mu1 „mus

907049

694164 649464 699664 666664
944149 699149 999449 496944
796666 741496 999996 966696
843025 792025 969699 996699

966464
699649
164196

99
96

94 996696

595 600005025 994699

96
97
96
99

969669 669699469 949669 699969 666669 699669
999664 669664 999964 946664 996464 966664
969669 110801 696646669 996469 966669 996699

ΙΙ 99669 Ι ,99966 Ι 99966 1 99966 Ι ,99466 .9 25500
66996996999 696696666 699646666 646696666 649966666 699999666

9 694696 969996 892416 841 6191 996696 666696

4 696669
9 9666

3 996669 966669 999969 949669 611409 466669

966696 996996 949696 999496 969996 ’ 494696

· 996699 969699 999699 949999 494699 969699

9696969 999996 949496 999696 464696 996696

666969 696469 946669 996669 969669
996464 946664 999964 969664 661664

, 999999 969449 999149 444149 919649 66964
’ 496669
966966

996999 969999 594521 646999 996999 699999
666944 499944, 644949, 699944 969944 999944

499664 449964 494664 966464 69666- ·
469619 499699 ,949469 1699969 969669

999966 944966 , 99 966 666996 966966

696969 669969 699969 949969- . 696969 916169 ’
966996 999996 94999 796996 879696 964196
155 750225 969999 996999 649999 9111191 651015225 ,

96 966996 699496 646696 699696 499696 966996

99 999999 1-69619 199619 996419 646699119 119919 ='
11 966994 919994 949994 6496691194 694994 “ 161994
99 996969 964969
29 696666469 699694466

 

997961, 999769 949969 ’99996
666646466 969466 996466 9964661’

 

