ι, ,6
11 11 790001 790001 790001 797001 794001 79900
.' 69 6799649779 676646997716717966977 6791961977 6974696977 6979997779

0 779144 677744 464044 707044 009444 6770000144

07 997909 710909 007009 419769 761709 070709
,· 64 6197976696 991196 719696 644496 977796 49

69 774779 6767697779 946779 169779 6167791 919779

5⁶ 470790 09999010017090796 900996 1469ομ 740790
, -· 67 996419 479119 797719 6799776619 6979664619 901419
· 61 741674 977774 479174 779474 76967469976666
“69 · 966769 7196967 974967 491969 977967 779717
’ 66797664966Ι 111966 797966 996966 416966 7149

=. 71 779649 6761647747 . 199449 799649 699147 944747
· ¹ ’70Ι 7100140 0099140014041714 904914 791714 70701
1 619119 101119 101619 11110171111 167719 101101·
697476 977776 967676 79917669969766766997777741ἕ

666616· 6166791 619009 996679 7796791 916679·

141719 708129 6791619 411111
7196697104 166114 767414 691014
· , 1 411749 994647 799149 6969679647 979449 177

Ἵ 6464661 477466 9914661 71446 6977676466 97

Ι 171164969 696767 476969 949969 779969 699979991
’ 1011 900704, 769004 679904 900904 711704 094709
1111116411011199474191 714619 666619 647111 461111

779696 6776969196 997696 179496 766796 679694

l ἵ 497779 76477916716797779 971779 1697791777799
16 999996 477996176979 6967796996 6971674796 997996

·’ 'vt 753569 6811191411111] 116709 ¹

¹ ¹71⁹²5 997119
w , 99661416769999614

m} 014070 947771 494970 799771

77 900744 799744 910944 4949441 740044 0477

19 0099009900 097700 749900 679977 967777 499977
001 ²²5¹00⁶²⁷¹05⁶100 904000 7700061 996967 97977

‘⁹¹11 ³⁸⁶²⁸¹· 116481 6187061661 9101111 1796171 777717
644464 171164 777764 6969619664 971014 994914
04144916707 70776491677104949

407070 09007 00410

-.-.........- Ι...11111111......ω1199679 114111

9.·77779616777666476 199696 774176 694676 979771

700049 ,970049 779149
166196 619696 991496
67966996791 141679 69767

779407 004109 0011004009 117607 773009 470411

491004 101004 1701046964647464 9³2004 99494
., .⁶5¹'⁸0¹ 481601 331401 76976969766976676996666100

 

