11 144001 147001 “wool 148001844οο

117447049464 7444944464 7470874764 7487847964 7404784464 7444770464
401314 7194114714 7171041114 987914 993914 940344
999 999 999999999999999999
999 999 999 999 999 999
744444 644444 449444 496444 464444 440444

86 884496 4961794 718496 664796 674996 640496
999999 999 999 999 999 999

111144 7199119744 7171017344 7169004944 971944 910144
14 , 494444 ’498944 446744 474444 7109444444 74144 40444
90 460100 468400 496400 444400 4444001 400400

..anns-*4110-

pta-*mmm
94 999 999 999 999 999 mmm
9 8994 8994 7994 6994 6994 6994
4499999 999 999 999 999 999
9 999999999999999099 999 999
00 9991 99919991 mwuvmmwQWQQQp

98Τ“474046 484446 444446 464646 4 40840 440046
. 971-ι 744009 644409 484809 444409· 400609 490009
3, 93 944004 844604 744404 700804 670404 660004

,⁹‚.„.„..⁹ 7440087004 990804 940604 870404 840404 880094

,11--8 000 1 84400 1 84400 1 844001. 84100 1 84400
, 91744400000074440400007449040000 7476090000 49446000017740440000
4 470004 480404 440404 160601 440804 444004
1 340004 390404 360804 431404 901604 9910114
3 440009 440609 444409 601809 671409 764009
4 680046 690846 744646 771446

843146 974076
5 840944 864044 894044 949187199140447444404044

61744604004674440474467460064440747744 , ’ 4 ,
190049 101449 131849 184149 399649 447049
999 999 999 147964 999 999
440084 444884 778684 611411 ⁶97281‘ 780084

10 700400 744400 744400 706400 868400 960400

---....-= *dumam-mmmm* ‹naa-..qm

117 8704441 884444 914441 9667117197088911 7444444474
111 7227040144 7244052544 7161084944 7178137344 19974 3021 4
13 999 999 999 999 999 990
14 999 999 999 999 9449 999
715 440444 4644441 496444 6494441 742'223'7 815225

ιμ--ι-ῡ-Μ--η-*Ή m

49 999 999 999 999 999 Um]
171 890189 903689 987089 990489 7196068884 7944147914
48 17118080314 7149073914 7101107914 7179161114 134711 44844 4
¹9 440464 444464 477964 881764 404464 499941

140 400400 414000 *11448400 9014001 576400 67040<
9 . ’ ““““

 

