3 .

8616369 36969 78966 4439691636369 339366 ,463966 66,·9969
641694499444· 99944 449944 494344 938944 469444 696944
6889 33489 66689 4466691633689 899889 466499 693639
194 9996 99696 69696 449496 494496 944996 469696 644696 x

9663 34663 84663 948663 6336631346663 469963 666663

ΓΜ*-

· 9996 949961 64996 446996 496496 649996Ῑ49996Ἳῖἶῖἷ6
9969 94969 64969 449969 499469 944969 494969 649969

9944 69944 86944 499944 499444 949944 499944 649944 “

9969 33969 83369 636366 639666 346969 474796 666399

’961 89661 36966 84966 936966 646996 34896614969661664666 ‘

· 8686 36489 84689 636886 644686 349686 499489 663686
6464 96864 89464 499694 444964 999464 496864 649464 .
66499 99449 89649 494449 449949 994649 486649 648849
6836 39636 86496 933636 644636 336836 486636 636436
9663 38663 89663 636663 643663 334663 483663 636663

· 9666 38496 89666 636866 646696

’991 9499 96699 66499 499699 449999 996499 469699 699499
91 9664 39494 99864 696494 448994 999694 469494 696894
Lu 9866 39666 89469 939666 649666 338869 488669 638466

-.ΜΠ-

11 866 1 9691 96661 9966 1 66661 93661 94661 9366
61 646666 896666 46666664666666 6446666 6696666 6969966 4636699 ’
6 649669 899866 666669 696669 446469 696669 966869 633669
6 643664 893664 664664 664464 444864 693664 963664 636664
31 644869 863469 666699 696669 3449669 699969 969463 639669
‘ 41 646466 869696 668696 668896 449666 966499 996696 666698
, 3116486631899663 ⁰¹⁰⁰.².....⁵ 669663 436663 963663 994663 ²⁶5m.⁰..²⁵

² 4 649696 649696 944996 449496 494436 9996961 ,“”““““’996696 469996
·9 639649 966649 644949 449449 496649 998449 999649 494949 ·
9 833884 864464 696664 669664 439664 996864 986464 694664
9 634489 866686 668689 669889 466689 993486 983686 699689
9611636966 868966 6669661636466 &mo-Q* ⁹⁸⁸¹...9.⁰......... 686966

99 639966 8693691666969 634369 466369 9989699 996969 283121
44 699944 834944 944444 496944 466944 944944 999944 466946
491669969 699969 946469 496969 494969 949969 996969 66 9969
ῗῖι

664996 839396 946496 449996 ’3499996 9469963 999996 494496

’68 669444 844944 996 344 449944 469944 999444 949944
’,99 696969 844864 6381366 93696914839693 939969 693364
3616994661 846466 6464663 634466 4884661946466 696466

6⁶42Qffl2512432251Qffl12002225 693663
96 W 6999961994496 4494961496696 994696 999996 499639
49 469469 646969 93446914496691494989 994499 999969 966699
 396466

§a .

 

333666 484466 633666- -

