5· 688906 68960 ’9 690006 69900 699006 69900
9,4999089989 4999969448 Ι4966649699 4990499899 4994996089 480899478

4 440964 994964 797764 646764 444464 44496·

9 449649 47497974496 994649 744449 499949 45¹⁶'4x

44 496996 4744964767974446 994796 744496 499496
44 644944 479944 2120255474145225 979944 749944

’46 776796 8499966 9909966 969996 4999008496 867796
7 909409 688909 489909 909609 949009 8090064499
49 49490499046 8969046 6769046 6 646169

964409

49 994809 964609 6666666 6646764096 984609

86 872400 9784704400, ’909400 99740οΙ 469400 499499 6
996 460909 940499 49690406096 9609096 909009 969709
,44 497994 977444 479744 949494 944444 649994
’68ΙΙ 735604 51⁶²⁶4⁶ 866609 47766874096 978009 ’688699

44. 979946 644746 444946 4747464796776446 977476
554741011045'792025 999074 494079 9940794990976079

468 7-4·9746 949946 7499796, 4··4”““““’““””’ῖ”449 444446 494796
’ 496444 4744967949 969449 649647 494949 979444
48 6 444964 709964 64969009964 998964 690464 997964.
49 464647 949694 749494 96749· 949099 474999 ·
60 690600 ’489600 999600 4999904600 949600 ⁸⁰............?.....⁶⁰⁰

8³73²1 6768696· 479949· ,6949999 64999086999 949979
974944 747. :554444 994444 4446444999097044
64 4744444769 994464 6979694 4794646 46976 444769
64 449499 4746 449446 946996 6499996· 494696 964446
,64 999444 477444 974449 79744 649444 499444

·,· 4449468 9994964779444446 994446 979746 4946
7. 669694 447999 4494994794977999 977444 790999
’,69 807474 999094, 988694 9999· 786088664 ’868464
69 999969· 997969 996969 940969 994969 ’4899098969
90 4748696900 860900 664900· 466600 886900 186000

79 9949499 999949 949944, 647444 477444 494647
4'2 44446 4747496764 949994 764494 699494 474994
79 440124 474744 4774974949 494447 749449 674449
74 647976 444676 447474 4794947476 997476 744976

74 7⁶5⁶¹5' 449644 444644 9909994749944644 999674

hum-W*

77 4744'041124 949449 697944 447449 994749 469749
96 479994 46446 774494 494664 447494 49699
74 976644 4746747444· 949444 7944749·Ι 479644 4446475
0· 494400 740400 4999046400 8994008 9994400· 49

79· 499476 644476 499774 949976 4647764979949976

 

