’ 1 886001 887001 888001 88900 1 89000 1 89109

, 61 78687789117871818111 789617711179148898117981161711 7949611911
61 988144 691844 489844 1974447991099944 98496
,68 7868817969 870869 691769 489969 9879697990040969

’6 904896 7879047696 880496 999196 996096 118196

481118 9191181181191 971118 974118 9971197
66 6898861 481786 719716 9861 949186 791986 878991
67 116119 818119 14 689 7918117819 918489 781119

, 68 mavum} 787814 918414 909014 7999808614 9918841
69 898968 7880999968 699861 481968 186768 7998880961
70 968900 111900 876900 660900 464900 188

h·-

4 · 71 948141 198441178988846411 1911411 641841 467141
71 718814, 467984 191184 7998046784 984494 648911

79 9009191649919 480819 194719 999989 819991

· 74 7168871176 119876 817178 971676 7914177176 79818819

79 ’ 199619 7881000689 769619 990619 9996191 1196191

...a-...ww
- 741 4949741 1711761 949176 7199761 911778 991911
77 818119 9887197199111119 986819 711919 535525i
78 787684 88118 198884 7917084484 890084 7896114
79, 969048 788841- 476648 161448 7999068148 8948911

887864841400 888400 6944001 440400 146400 7999071411
ι8819897687881069961 8918671 618961 4149691 -719041

52 497114 141814 7911888991 796914 101714
99 6744191 411889 117819 974119 718119 81141
14 181188 891686 168486 7911181186 989886 71111
88 7168819119 776118 8491191 988118 7946197118 981111

8611 106996 999796 780998 908896 989996 7994841886

1 ,97 181969 7181181969 198769 686169 491889- 918919
81, 8611441 988944 7981876844 964144 671144 499914

- 891 711711 486811 1949117919041419 149911 977711
901 916150 664800 491800 110900 7997018800 196188

ΗΜ*-

, 9817866098481 848688 609888 998088 10618817999091161
9111 870864 78840191 787664 976064 984464 911164
91 448149 196149 988449 7848491 ’861849 991149
5 94 619696 974496 7901149196 991096 740896 969691
. 911 809019 991019 918019 7910180019 919019 741111

“ 749844- 499944 199044 7999097949 916411
‚ ,- 987189 876689 488889 178489 7986114611
99Ι 118184 7119814104 184484 644884 491684 119181,
,99 911608 168408 7909091108 811001 698801 461661 ’

4198

 

