 

 

    
  
  

     

73⁶0& 737οο nudo* 739οο 1· 748οο 741οο

ξ15411996881 5437735981 5451493111 5467171414, 1 5481969681 5496117881 -

15413144164 181564 640964 4193 117764 5497916116
191449 5438930049 , 711649 567149 3651649 184449
418736 177536 , 916336 715136 χ 513936 131734 ’
56611151 „50²5 5451984915163915 662025 4³10„

 

 

 

 

 

 

 

 

 

 

 

 

 

 

 

 

 

      

 

 

 

             
 

44
45

46 7313161 471516] 1311716 5 801n9161 8115116 619116
47 886699 -Λ 619999 579499 1588119 958199 777699 ,
48 5414017904 767594 - 517194 396794 5483196364 915994
49 ι 175101 ”onnon ⁶748⁰¹ ‘454501 ²544OE 5498074101
50 nuno 5439062500 ⁴ auson ⁶0¹5⁰⁰ 461ςοο tusco
5¹ l 469801 210001. ⁹7⁰²⁰¹ 750401 ςςοόαι 370801
51 617194 3575 5415411799 898394 698704 519194
53 764409 59509 165699 5469946199 , 846899 667409
54 91:716652516 413316 194116 , 994916 315716
55 54159599151 1οοοις 561915 341915Μ-5484145915 964015
561 196336 947536 791736 4899361911365499111316
57 353649 5449995949 856449 617149 419149 , 169649
58 ν 596964 141564 5455904164 78576 517364 . 498964
5⁹ 641181 „wax 151191 933681 735481 557181
⁶0 1 79ςύοο 537600 ²99⁶oo 5470081600 883600 705699
ἀι

6²

 

941911 634111 447911 119511 4485031711 855911
ι541609914-1ὶ 8316441 mmm* 377444ἱ 179814 5596961144 .

 

 

 

 

 

 

  
     
   
   

 

 

 

 

 

 

63 137569 1ο169 741769 515369 317969ἱμςος69
64 ’384896 5441117696 890496 673196 476096 ’ 191396
65 531115 175115 5456038115 811115 6141151 uram ,
⁶⁶1 ¹ 679556 411756 185956 969156 771356 595556
671 116889· 5715189 533689 5471117089 919489 ⁷⁴³,889
- 974124 7¹7824 481414 1650111 5486061614 891114
{Numnam 8⁶53⁶¹ 619161 411961 1167615ςο1ο4οῐσι
70ss 768966 5441011906 7715900 566900 364900 ‘ 188900
41⁶24—'-—1 1⁶o441 914641 708841 513041 117141
, 563584 397984 5457971384 856784 661181 485594
719919 455519 119119 5471904719 899319 7 ⁶33929
858176 653976 3671176 151676 “ 957476 7sn7⁶
η 54280056250 750⁶251 ''wlff-¹ 3n0⁶zs 5417105615 j 936619 Ι
76 151976 1191176 663376 6 - 151776 5591978976
77 509319 5443945719 , 81 1119 9 -491919 117319
73 447684 193114 958884 4 * 550084 375614
7⁹ Ι 595041 340841 54581176641 1 1193141 ⁴
go 7⁴140⁰ 488400 1544οο 5 ο 8464οο

 

 

 

 

 

 

  

κ

