³ ΙΙ 77866 Ι 779661 ’746669 747747 747479 Ι 747647 ’

777 7676777674 ,967674 676474 776774 949774 777674
777 77777 7747677777 774777 67777
74 4677 7666677776 747776 677777 776776

3²¹ 7777767677 7677777447 7677747647 7677776747 7777677647 x
77 676677 ’467677- 76667776776776779 776677 767677

77 7677777764 7777 764774 776774 777774 777774

mm mm =

79 7677477744677747 777747 679647. 774447 mm ·

< 777776 777476 767676 777776 7674677676 774776
777 767777 mxl 776777 ut] 777777 7777647777

76 467766 744766 767646777 77

77 676767 477767 7679677677777767 767767 777767
77 764774 777474 Ι777676 7774747777677677 -7767
77 777777 747477 777677 767777 mmmmm
74 7777777776 776776· 777776 777776 766776 77777
777 76777776476747777 7777777 676777 7777779 777777

76 474776 777676 ’67647776 766476 767676 7666
77 647767 477767 777767 7777677767 ,
77 776744 777744 777444 7676447696747644 777744
553521 ³71311 777777 7777666977

99 9779ιι 755721
777666 69767

40 7679747666 977666

777666. 777666

47 476764 777764 7667677764 776764 774764 777767·
7 647647 477747· 777747 7776644447 777647 747667

776776 777776 77777 77777. 7677677776 776776
45} 974677 767677 767679 777677 1260157114679625

41 „nsnfflw

617676777776 776776 776776 747776Ι ι777776 747776
7 9694997947999999 999999 mm 557069 666699
7 477774 7667747664666764 797764 -7777 777777
49 674977 49469 234401 ,70166747677 Ι994667 777667
ςο 777767 667766 467766 mmo 7697667767 §meo

99 magale} ⁹383⁶4 738704 9977σῖ 799964 799994
77 777667 6477667777 766767 777467 ·767667 477677

74 477776 774776 7667674776 ,777776 776776 777777
77 767677 447777- 74767717677664677 9777677· 766777

ww
5⁶ 777776 667776 477776 777776 677677776 · 774779
77 776447 777747 777747 .466647 747647 7774767447
767677764764 747764’ 747764 767767 476764 ,777764
77 777777 7647777677 777477 777777 777677 746777
49967747 ,, 777697 7666777667 9676479ἑ 777679 667666

'¹¹3

. 799467 976667 99676 amomum ¹

999966 646999 “

777767· 777767 7

9 ,

 

