11 . 64900 1 64900 1 69400 1 ’64400 11 64600 ’64900 ,
99 4964669964 4994694969 4997769969 4900967969 49 99999769 496799996Ι
69 799994 699994 696694 9999944994499994 9799947
94 990099 996699 4999099989 4909999889 946499 404089
84 49690006464994069446 ι944946 969046 987896 . 994646 ·
89 9999941 999994 994994 - 999994 499994 66644 “

86 969996 998996 496946 499996 640496
97 999969 499769 947969 694969
66 766944 896644 6716
89 649499 999499 x 809999 9969994999044999 · ¹925²¹

90 ·784100 Δ 949900 9409004909048900 996900 99490 ¹

994689 9999994989099099 999999

99 479649 944449 989949 449449
9491 996496 979996 464996 499996

99 497999 9969994999ῇί
961 1 796096 899996

981 898494 9880044909099694 999904
9 4999099909 990999009 998909 998609

· 6- &W

Ι0 4999640000 4949890000 4946000000 4469990000 498944000 1
9 999609 949899 696999. 949909 499409 999609 ·
² 999994 4949979694 9649941474494, 794894· 444964 .

9 4999994699 999499 , 996999 696699 997999 4996499904
4 966496 999996 966696 796896 964696 990446
ς ν999094 469094 660094 , 879094 4989909094 353025

..... TW

6 499696 699696 799996 4979999996 9944
7 969949 799649 994949 999449 966949 699944
4 649964 944464 4997996964 967664 499964 799964 .
1 9 994499, 996999 999084 999489 649699 883481

570249 7

11149699499644976999664 999964 9994641 499964 499964

90 94690014944998900 990900 996606 7641664997696900.

,4 4331087721 ²5992¹ 452121 ⁶⁶432¹ 896521 ᾝᾷἶῑ ·
ιι 7999944 999744 964944 ,796944 4984996944 989444

44 446464 999969 ,796969 998769 969969 4

94 499446 499996 8499964979969996 999796 946446
941 6949991 767999 9699991 999999 496699 670994 ·
*q mmm-*m

1⁶ 749996 9999964999999946 999496 996696 999946·
17v 977489 4949999889 ,944989 497699 699999 944489
’98 4999009994 486764 976364 669964 82352443980771'24 ·.
¹9 946969, ,994969 998969 799969 999964 904464

9ο 999499 446400 ,640400 85ffl⁰4385088400 342400 ‚

 

789744 999944 4998969944 ’

907487 Ι499689 · ”

