Η 86666 Ι 64766 Ι 64666 Ι 449661 Ι 4 646 1 46666 '

55²1⁶4 696444 646964 7446447464 444764 444444 6 ,

744449ᾒ 464444 469646649 644449 447644 444449Ι . ·
6947467444644446 494446 474446 4699416 ..’746746
7886666679 1 769679, 764649 543025 744679 964679

ahu-ww

⁶ 7 ἶ474467 476446 444746’ 744946 94444677444644446 » -

776444ῖῑῖῑῑῖῑῖῐῐῦοῑῖῖῆῑεῑ6ῖῖῐῆῖΐ46 74‘5'5335275362‘774‘4’1 ,ι

7 468669 444669 767469 , 646869 7464646499 469669, .
6 479964 749464 679464 746 7644764 694464

49 744444
922500

84466479766968641796664 446464 ’696764
7444664466 444466 464446 664446 464466 4

W

*ww
Ξ9911769669981868 444666 994466 5744'01 77‘4501 594801· 4
664464 464464 464964 ⁷4⁶3⁶4 944964 94746496
46 6 446464 477469 747669 Ν94446 7469 64446 9 94494 ‚
54 667746 748946 ·969946 78886964441796914 ·34477 6 ’,
44 774644 944644 7474664644 747669 ψ46464. .644649’ 4 .

46171 966446 74446944467 444746Ι 4444467ῳ7 644446 5⁵⁶³5⁶«'5 ’

50

,47 447444649 464649 444449 669449 467449 7474646649 .-
Q⁶⁸ 496964 444464 496464 799944
55 464888 666088 767887 949684 7466897484“,.’. 373488
1,66 6446661 7776661 449666 9449446466 7644661 949 466

641 866444 9494447977444974 799974 499774 747974, 9
,69’ 97844473998866441 488044,,’ 416944411667844 8968441
7

144 7446449469 494469 444769 647464 649969 7444664469 9
’441 976446 469696 476496· 869794 4676476946 444896 9
89· 49476916997491 798749 984779 ι··8444,9 467885 ,

46 664446 666746 464446 ,7496444446 446446 47944, 5⁶ .

47 644664 575255 7373141689 444669 446464 744669 1

Ι44 7449666444 7446 449644, 444444 499644 966444 944464 1
47796 641 9449641489464 668964 8771764 ,74494969614

’7ο 44896614949661646966 6469674686499-6393 ,11799933

‚Q

¹27¹ 9767441 664444. 87864417994644844 7876941 4144746 -
94 ⁶5¹584‘ 644944 7474666466 ³ 464764. 469464 ¹
94 664949 7447667·449 -474449 '‘· “’
1ψ741744664447 ¹7907Q ·

741
144 › “TWWW

177 ⁵ 548325¹ ⁶93725¹ 899889,789464’4’449’ 749979 479449·
178 1 764684 864784 737¹50'30884¹ 746484 777684 447684,
179 · 8910417358036841 767644 ·j·’3884'41 “594241 520045 6
’,46 79446674661 768466 374400 5⁶0400 94449149 Ι14974 ,

844 ,

 

4774 4·6 ·

979464 ivm &⁶ ’ ’ ,

105625·350625'515625 7666791·1496797476746679 ι, ¹

