‘²02²34841 1414991941 197964141ι119849441 213773621216707341

11

²²1 · 164184 119684 994984 888484 ,8018 ’787184 .
,23 ²93729 *4832 208022229 917919 891119 766719
14 411176 176976 941776 946476 861476
191 4496191 1946141 9896141 9746141 8996141 814614 ’ ⁴

ΗΕΓ-144176 1994761119946761 9198761 889076 ,’ ¹

796176

171 407919 161919 118119 111119 949119 ’884919;
181 499984 ’ 191984 167184 961784 918184 911984

191 464441 ν 419141 196941 991841 114997641
9111 4919111 ,·-949999

..υ-ν’

988441 ·
²32222.....!²⁰⁹⁰⁰ 9469991 971999

unauna-mum .

811 811861· 477461 144761 149961 ., 966161 117991461
811 849814 “ 496114 , 181614 179914 098414 “ 941814
191 918189 494889 111489 198989 114689 961189
141 · 666716 469996 141196 197196

, 188986 09878ὁ
4911 6441141 4911141Ι 4691141 166114

184114 119114 .

971 691169 949969 416969 914169 141769 - 179169

711644 - 978144 491844 199444 171044 118644

. 749111 696911 484711 “ 481411 499411 148111

77769 . 644699 414699 4116991. 419699 167699

11 896984 664181 441481 1 449681 448881 197181

,41 «.-894864 . 691964 471464 469764 488164 416464
· 869149 ’ 711649 611149 498849 417449 , 196149 , ,

191186 791996 , 619116 917916 446716 189991

,,,,,,,,2ζΞξξξ-, 779018 “ 6489141’ 4479141 · 476914 - 4¹50²5
' ⁹4⁸5¹⁶ 807716 686916 486116 494416 , 144414

· 977119 ’ 896419 719909 619119 994619 474119
· 48 109119904 869114 144704 644114 969914 ’919914 ’ ·

’ 91 094001 894891 774691 Ι674491 ,494191 444991,
· 491 961499 . 911499 · 8914991 791499 · 6114991 ·461499 ,

mvn-vm· *ιι-*μυκα-

41 1 0910225 ’941191 83:401* 741691 641891 ’ 491991 ,

ἷῑῙῙ”””“ἶἶἶῖἶἶΙ““““9ἷῖἧῇἧῖ“””“ἶῖῑῖὂῖ“““”“199196 1 111496 149196

‘ 911 1199 979914 861114 761714 681114 611914
148999 196998699 889199 789899 , 719499 ’ 641999
· ¹ 176416 947416 ’ 918116 818916 749716 9689416

1949141 966914 947914 848914 769914 719914

m

191991 ,1947961 · 979916 177196 798111 719996 ’
161149 119449 144114849 916149 = 817649 769149Ι
191964 191164 199764 999964 896964 798964
419981 189841 961681 964481 886181 · 818981
991699 · 9946991 914699 84766 ’

d

 

