’11 746001 ’749001796691 ’777661 79466’1.79966 “

5 9667464464 9644496964 9697496964 9694464764 9667447964 9674499464

64 747744 777744 74674 777444 777744 447744
77 467477 477477 476777 477477· 7744477 476677
74·· ’,647476 664476 677676 677776 674676 747476

47 767447 776447 777447 ···774447 794449, 797447

76 744776 746476 767776 774776 774776 7677646776
17 9667664769 9647696469 9697697969 969766496976664741769 499767
77 44·4744 446444 447744 ’477744 474944 776744
77 764744 774444 777744 767744 477’744’· 744744

96 944466 9664661 969466 996466· 9744661 694766 ,

avr-··-

91 664774 696674 677464 676474 774674· 764774
· 74 ,”744664 764464 767464 776764 ,
47 674Ψ447 776747 777647 767447 7667677747 7474464447
94 9669444496 '5⁶²410003⁶ 7699464676196944976961

Η64041 470046 799649 ’477649 997649 4 466644

961 446646 467646 469447 4584162'457616 55541t
77 ’ 764647 774447 777447 977769 677449 70750
71 ,710411 701106, 747644 777444 ,7767641 677464

“ 896664 55580'5· 779664 999464 9679669464
’ ’776641 77744

46164 994667, 664464. 794764 9497649764449664

644969, 769669 “, 949669 944469 9746694769 469469
···769446 694646 9647469794699646. 44644

’ 77464060 7766476676 9749966666 979649 666 9749646666 9766746666 “
ῆ1μ74094 404004 944194 644464, 794161 964767

5 9446617646696499796999999 247025 3902 Qum

7964764776 4764761 467476 776476 746676 771447
17- · 447647 447447, 446447, 747647 764447. 674647
7 766764 474764 .76766,4“.“Ι 774464 7744647764644464

4449674 746774 694674 9747664474 47646
²10* ’,6166746 66466 774466117946694466 49646441 94947

,99 ,; 747944 9474449 9747649944 499944 ’967744 479944

1 466496’ ·- 255'256 st

n. 77744 7764664444 474744 746744 477744 674744

147 7677447767 447467 747767 476767 ’ 644767 767769
14494471176 764174]- 476776 677776 7-64776 77777
1 44449 749 49 649449 764449 94444917769691441

197 4 777674 666476ἷ 747476 744676 77 4 77 476476
·,.94 747777, 6 ’447 7717677 ,7,,1777464467 97476 716779 .
⁶⁶ ,774 767 7746464744, 447744. 77.444,, 9774

. 964 79447994 499464.. 966 .946764

20 476466 476466 774466 9474661 674466 746466,

‘st'

 

