11 ’11666 l .52100 1· 111166 t· 111661 ..114664 ’1116
1ο 1764666666 1714416666 1714146666 1711116666 1741766666 171611·ΙΙ
1 4164661, 114161 944461 -194661 1641161 111611
1 ’161664 6114641111641164 499164 9664
1 111669 711669 111169 661169174667 9 161

416616 116116Ι 117616 761416Ι 179116 67611
116611 911611 161611· · 111611 114611 ·77111

m

6146161711111116 ’ 466416 917616 111116 17611
’, 716949 199449 9796491766911149 499649 m ,
r ,111664 141664 11164 ,111164 1114441116Ι
,916611 141111 ’771611 111411 .·76111,1 11161
411166 114166 116166 · 1611661 1111Ι

116111 911111 4467 911911 411111
κ’ 6661441116611144 1411441141611144 116ι
764969 197169 649969 111169 6111
666166 ⁴ 161116 114116 111116 1161
s 111111 466111 619111 111111 111111

16 6641161116611416 116616 --161116 411616 11611
17 761119 111619 6116191717661419 Ι

’11 111114 111114 111114 111114ι 646111 146114
19 976161 ,196161 111961 117761 711161 141161

11166666466 414466 111466 111466 116466 1164

11 116414 1 76111 117114 ’1491614 666614 1614
11 111111 161111 141111 ¹ 6161161141116411 66111
416116 111116 v 146116 666116 111114 11611

. , 6666111717611611 419611 1 961611 116111 111616
164616 111116 1116161111616116 · 411416 1166

11 161111 114111 611111 114111 ’1961111116166
16 ,, 111114 111114 161114 111164 661114 11616
's 1767616141 411941 161441 114141 166141 111111
16 ¹. 116166 116966 971966 411966 964966 4 ·····

21 114441 ”ansanum 417141 111141 411441

nssu affin &mu nau ω
646611 116111 141111 111411 1111
¹ , 111616 1671. 141116 1 114116· 11111
16 ,, 6411111711611111 - 1111 911111 111111 111111

- 116 161416 116161191616666 11461611666166
1 141161 111111 ,114111 ’161161 611461 1161
mai· .411·’ wal. “⁶4 ..141644 14 ·

64161 1711671414 111161 17496697611 16996

491706667111 471111 911111 176111“. 141711 x 114111

161666 1796661719617666 471666 ,911666

 

