m

11 55600 ’ 797601. 998001 449001 ς60801 46400

unua-dmm

¹ 9 14094464οοῖ1440449000614444840οἧ4484840000 4448000000 444744Γο00

4 74490 944844 4444004 444404
8644 84846446ου 484964·Ἰ 444464 ,
’844469 9748 =- 444469· 886669 746669,

,474404 64440
, 484404 744804
3 ⁶93&
8«04846 ’9446464444086448 447448· 444048 ⁵458314
41 9460444464647644 498644 484044 480044 774049

68694647446 448448 86968 440448 ,474444 553234 μ
7 488449 ,8698461·444449111494621’7849-’4441414 ,,

N .

9· 449664· ’444664 484864 7644 486648488467664
9 460884 Ι494684 644484 8464844487008084· 449884ῐ

401 4744001 684400 7464001 948400 440409 144400.

44 ’484844 744444 ’867744 4446049944 ’.444444 444444,

44 69444 ’846944 979844 4847 . =444¹44· ·4464447’ .
48 864769 8448699444696969· 4688 - ·’446489 884784 «
44 9469968464649796 468496 874846 ’ ’868496 740948Ι ·

44 4494048444 464444 7444441 487444 ,684444 749444,

46

{34454 474646 464846 499646 794446 8449664446
111’ 440689 884989 887489 749669 9·04869 ’447689

11, 3834& 748400 8744004447046400[44040044440491.
44 694647 849844 98404¹·15824¹ 552445 ·466644·Ι
22 404444 9444844446694684 ’476684 4⁶4454· 874884·
44 944449 8468644749 867449 884989 476889 ’794449

44 8094049976 464476 318976 493775 mm 90337, '.

25 ἱ 4404441 4746441 486644 664647 8608448446644444

44 551574 487676 444476 747476 9446711· 447478
9

464944 494444 649444 4447444444444444 447444.
478464 666964 766764 ’.984484 , 44484 444444. ,

47 3⁶3‚¹2 498489 699969 669989 4499666789 440444 -
49 474484 869484 764884 944884 48678 444484 ,
9 484644 744444 877241 3193698048 848844 464644 ,
140 696900 884900 988900 464900 4649001. 47·

74 808464 944464 9487400464 476764 474964 689764’ .
52 949444806844884 ’844444 884644 484644 4404444
55 609908068 467869 ’988889 ’406489 697084.. 444849
44 444946 -478746 494446 644446 864446 8484044444
19 233225 ’390669 9478891, 7848891 944444 ·478444

·’464696 684496 ·53⁶⁶5⁶314403424⁶2- 446496
·648469 77676 947969 448869 . 464764
. 744444 444444 4449649844 447444 474644
·946444 994944 474744 469444 ’·’4478 =
9476067448464648 484609 414600 ⁶¹*ss . “

 

