Ἣ

00 07000 ⁴33333“]⁸⁸⁵⁶T31:;⁵T*” 175 00 0 07600 0 07760

..nu-‘n- anamma—*m

0 090840000 099090000 460 760000 406040000 409760000 40409000(
0 8 74400 404600 794800 084000 798100 40440
³ss 908804 449004 809604 4000040 840404 460804
048100 004800 864000 000060 860600 006160
0 400 977 606 408406 899006 490006 900806 440606
096000004 4⁶3025 944004 4040 40 946004 467004Δ

046446 49764 6 968846 460646 970046 400446 .
70 080810 001140 0601060600 400010 4160116400 ’
80 004064 4668640 048464 440064 040664
099 084000 646000 008000 600000 0000000

-a--D-n--a-u -ι-υ-ι--ο- -ψΜα-ᾞΜ

049680 6004800 074080 ¹ 464080 076880

000 008400 670700 040900 1644000 047400 679400
11 101040 700004 077700 670104 ’081004 714044·
000 0000000 700060 111060 700160 117760 700060

04 0 446004 806004 0800040 774004 088004 800004

’ *ι*- *mma-“mmmm

060 490646 844846 40704 46 800046 4044460 846646 -

07 41008 878489 400889 844089 448689 890089 ’

¹8 *459524 913114 886714 880814 999904 907404 -
10 404061 047761 411061 909460 409060 960960

20 008000 081406 4060060 9504 4⁶4400 008400 , ’

000
· 00

²3

690989 086409 460909 0444090 470009 004709
14 666176 110076 000776 60607 600076 140176
25 700625 0446040 640604 004604 640604 874604

0160 7,00076 0960700 ww

0 0618110000017641 1011011 080141 400641014000801

224929 700409 094709 700009 ¹ 046409
·²59584 735184 ²30784
094040 770040 064840 ¹ 780640 · ' 317441
408900 8049060 460900 806900 440900 ,

907460 464460 849760 980960 840060
· 940004 490004 470614 071010 ¹‘'⁸87424 '
076000 401880 010000 406080 Ι011610
0107610706 467001 044006 401106 007006
· 040110 061110 0701100 476110 000110

-κ-Ι--ιι-ὴ--ν

079696 4468960 404004096 400096 Ι400008104960 464696

400706

. 004069· 470469 048969 446469 064769 600069 .
048644 606044 084844· 081444 699946 646644
084000 640900 008700· 606400 044400 670000
0076000 674606 044606 ’6406060 ’199600 707606

·--···-----·-s.----

 

644000 , ¹

774596 107006 ’700106 101006 780706 ·

040684 406084 407600484 444884 069004 0. ·

” 746864 ” ²8¹984 .

Q .

