ΙΙ ⁸3222.]„.„EE!42M Ι 81166 Ι 89800 ¹ 82460 ¹ 3550ss

Ι . ,
ᾑῖἶ”6777990761 .6753716761 67703629616786629161¹6366663366'2369521557

82 4 54724 881114 327524 793924 280324 786724

445289 991889
610976 6890117076

83 618889 6794649489 491689 998689
Ι84 ¹ 78707 9 909876 676676 6787197476
69 947229 374225 899999 188119 777997Ι ,Ι
6616716111996 53853'⁶ ’969796 499996 946796 447996
· · 979969 769969 6771196169 617769 6104107169 611769
ΒΞ · 439744 8⁶7344 844944 78274 670144 , 777744
607991 6755031721¹ 479791 947791 477191 ² 949991
90¹ *768100¹ 19610οΙ 644100 6788119100 600109 6891108100
9¹! 932281 3⁶0481 808681 976881 767081 977987
99 6799696464, 524864 979964 441664 996664 414464
966649 6199496 779117649

’4948467 - 899696 109476
- 919699679661867-*Μ9 467025

666449 6805095647 603649
771976 260036 768876
936025 ,411699 994699

94

777916 189416 679616 6789100896 790016 6899099916

917469 946169 796969 969669 75'5009 964469
6740081604 711904 960804 470404 910004 419604

’ ’7 947801 677601 6777197409 797901 6866087001 794801

j 1 925201
96897090404
999669

‘ 490816 971616 709416 6877077916

··4 ἶ 786097 6840117097Ι 668097 979097 870097 441025

numm-*ww ..q-m-

*751236 2824366 833636 494836 996076 607236
916449 447849 999949 976649 6696169649 779449
Ξ6894081664 617964 6877164864 736464 708064 979064
946889 778681 776481 902281 4940816967107881
419100 944100¹ 496100 6874068166 660100 979109

mmmm—*d

7777 Η996841909711 661 721¹ 233925¹ 896119 478791

455401 9696069692 979861 166001 776901

690804 171·904 741604

499664 949464
786169 9-96169 967469

498009 6906108609
664016· 974816

0 6322760000¹6339290000 6877840006 6872440000¹6883000000 6907690000

¹¹2. 749944 97·4944 197944 999744 991144 664944
19· 967769 446169 919969 969969 6191179169 776769
Ι1496119679996 661796 6691191996 711196 994196 996996

238 997 771225 7941971897197Ι 490497 6907107997

L--nnu'u- *nuum-*⁸⁸- -ἁυκ-ι--ιι-ιι--ι-ὺ-Ιῦ--ρ-ι

461496 916616 419896617966969 696996 969496
¹ ’ 768689 841101089 699489 99888Ξ]”· 8916192 477689
99 644624¹‘
7οΙ6896064400

967714 891194 79479 988794 601994
479961 986761 ⁵ 760761 6892154363 768161

79840οΙ6879179400 796400 790409Ι 974400

§.uu-W

 

