ss 404007 409001 404007 409007 ,406001 40700

mmmm-*un-

64 944644 677044 697444 79964 976444 060644·

53 000 000 000 000 000 000 2

64 649696 696496 777496 676096 477000896 749696
67 670449 777664 676479 979449 047449 769449,

{5 760766 776946 897766 960996 053555 9949ς9ΐ
797489 874669· 696069 4490074494 ¹²4889 949999Ι .

070000400οΓ7000071000040000700007

000 uun 000 000 mnu 000
494967 796767 979967 067767 407967 797767
474900 996906 4797440900 744900 446900 994900 3

977447 977647 067647 766047 490447 494447 ζ
76 777764 467066764 ΙΟ6764 707664 366784 477974 ·
77 794767 079669 ¹437²9 2463694 ³7²9²9 767767
n 00006 000 000 0004 000 000
01 6007 7007 70670 4007 4007 6007

000 ”unm 000 Το0«
667969 416969 476769 684767

uum 000 000 unu =

769444 499447 647447 766447
000 000’,000 000

v 9004. 7007 4007 7007 7007 7007
99 359514 449944 974944 676744 749744 69794·
49 400089 466669 766669 679669 766469 mm
⁸4 0001000 000 000 000 000
ῃ 400917007 6007 7007 600700007

76 000 000 000 000 ωπῒ , “

99 ψηω 090 000 000 000

97 604944 670944 776744 664749 996744 .

79 649977 777947 7997474 90 6947 446094747 .

59 644700 794700 6740700 946704 076700 .,

515 744647 797667 4 687047 969467 777467

μ 004400 000004700

0 4009 7000 6007 6009 7007

54 446444 979496 440004096 774676 447696

95 447049 996049 049049 794049 449049 “
7

5⁶ 947676 996776 046076 799776 944476
57 966409 476077609 747009 476409 969409 479999
94 474006604 0744044 mou! 477604 407404 996604

95 049407 779407 409007 976607 444607 9944074

 

