’.Ἦ-*60400 60100 4 60600 60700

-Μ

NJ3 48160000 1660110000 1671960 1684490000
180801 971001 481101 611401
401604 491004 6014044 711804

111401 611611 111601 111161

, 641116 714016 844816 971616

1164611 Ι111111 1661111611611111
114116 1166111611611116 111416

116411616411661011041 101441 111141

1(

111

80

Μ

116464 11806 4 119664 461164
141181 919081 ·410881 181681
968100 460100 971100 704100

488911 981ἰ11 691111 819911
661144 161144 114144 146144
.116161 111161 111161 1616061161
551596 144116 1614016116 111111
w97²²25 1661069111 178119 111111
1610091016 1101Γῖ99416 411616,
. 111110 101119 416611 114611
114114 411114 141114 611114
411161 141161 661161 116161

60800 61910

000 17088100·· ,
761601 ’911801

111164 1161111160
809700480

1696640

178409
116416 197116

148011 419011 =

140816
661649
714464 -
906181
87100181·· “

149911
1111 ·‘
111161
111116
617111

,111616 - ¹

110189
171100171

114161

146400

161616
491149
611864

784481
·816100

111111
1611011144
110969
141116
464111
111116
101411
819114
110161

576400 070400 784400 9184001699071400

611141 111441 961641 1611611141
818084 911484 1671016884 161184
111111 1661011111 141111 111111
4611611116 114116 161116 404116
180611 1796111 1906111 911611

*quemn-*⁶⁵⁸* nm

801176
918919
8700041184-
167141

161416
411119
141114
664041
784900 880900 9969001 111900

mmm

117719 611119 768119
611114 114114 111114

896676 111816 647076
1 x 719141 879641 1688011441

8 Ι 901761 9664001961 1676118161 194161

33141111
1141

40

016614 111014 119414 375824
141411 144011 ’.166611 411111

,168141-
411614 -
411111 611111
111116- ·

Ι94041
811684

111116
680619·81ς67

m

977476 .
1711091119
111184

848041

1889004 464900

410161
181114
611111

986761
708614
186419
’111116

26835⁶ 161116 411116 611116 111116

189111 486111 601111 7401194

910096 607196 714496 861696
616161 111161 141161 111161
111144 141414 1616441611104644

1111111111107411

m ,

1701018896 196096 Ι
146161,117969 ·

161144 :4³⁹844
961711

871711 970911 8 677088111 116111 111911
9916004166 9091600 1048004 144422... 5⁰5

111

 

Ξ-6816 1

maa-m

600

