ἵ · 9⁶* 682226 926426

· 1 9 2778621467662

’ 7 292449

88 9998 9..8.....4.....8...9.2,..“2ἶ““.6...8.....2.6..
82 298998962 262824762 269676962 268997262 272629962 274929962· Δ
’ 696724 897224 269924 969924 696824 962724
662889 889489 296689 462689 689289 992889

“ 699696 922896 268696 4994969 7222961279629696

· 727229 9942299 262229 4682299 7992299 962229

m

229296 986296 222296 299996 288296 992296
92969 262628969 266969 999769 822269 228969
1197 822244 9282449” 298944 266244 824244 262244

89 8229281 68 728 228222 299228 882222 294922
-·9619 8882669 . 2262669 964266 692266 · 926266 · 228266

w

926282 2484829 996682 664882 999682, 262282
¹ . 992424 2268641429264 692664 ’982662 294464
· 984649 282249 462849 229449* 222989949 ’222649
4299626886

999 649629

692696 966896
9829228 294922

2426269 494426 262226
278629 927629 796629

mum-qw-

999626 828826 228626 427226
97 229469 9428699 992269 862669 292669 466469

989 848664 878264 624864 894464 284664 499664
687468 ⁹²⁷²⁰{.....fl⁷⁰⁰¹ 926862

27466
9} 279966666 278896666, 888846666 289626666 289666666 292426666

279662 648862 694662 444262
967264 677694 668664 478464

292292 922498
626494 926894

r
² 699669 996269 746869 722469’ 262669 922669
692826 27962962 874426 749226 296626 946826

726629 697629 468629 Ζ79629 276629 982629

6 ῇ799296, 6964961 441636} 822896 264696 629296

8
4

8

222849 422249 846649 228949 649449
, 829664 297264 968864 886464 272664 689664
¹- 828882 296682 942482 924282 966682 787882 ·

¹ = 892266 ...4449969 9762669.-““948266 946266 792266

929922 297922 6697229 982922 974222 786922
928244 299944 642244 2868822244 498244 829244
9922699. 224269 626969 947269 442869 824269
24 226924996 222296 229296 8982296. 426296 888994

⁵ ¹5 · 6982299 9922299 744229 227229 ’926229 929229

,28 998426 424626 222826 222926* 244226 9224266 .
97Ἰ 224689 498689, 822489 *284889 878289 992689
28 222924 498224 842824 888224 622284 222922924
19 ,292262 924962 , 878762 292962 646962 666262

, 26 824466 886466 988466 286466’ 6864669 694466

 

