88600 1 88700 Ι 88800 17· 88980 1 189088 89788 ”

77 9917877687647 77774778479799917004179009447417974718441 7947777041 x,

77 · 878874 . 777784 7476847787777084 · 776484 770884
77 7774877779 770777 777777 7777777777074777 707777 ·
74 777977 747776 707776 477776 7777767747077776

77 99887717877777677

nnana-w

880877 877877 ’470671 707077 “

78 9 7878781. 787878 7898878778 877478 878877 44787

77 747779 478779 ’ 777979 7908877779 886779 877779
77 777784 677714 477764 787784 774784 888784
77 7877077647 677447 777747 7670417776767747 777647

701 77697878778779881 788988 744989-*79898817944776908
77 4747671 7987871 948767 777787 7789879 7977899

747787 7077871777077487 877087 '¹³4²
777776 477776 ·776776 7777077770

77 887779
741 787776

771179-7876-9777- ’ 788777 677777 4747771 ’777777794784877
761 7

1 1 48498 7874877696 874898 Α 877896 ’4897961 776496,Ὶ
γ771 777767 7777677677077767 787767 Δ 787767 404767
478 677044 477644 770744 767844 767444 787044
778 877871 010171 8079717910147771 ’948711 701771
140 78778496081- 787608 7476801- 777688Ε999-777688 999600 Ι

«ὖ-Γ-ἷιόεει 987887 7777871 7074879 'mm'

77 677474 767874 7877174774 7767700674 - 677074
Ι 767776

471 4047647877747764 700764 .677764 477764 798774
47 787447 ,7700477877078647 877747 677847 474447
44 777776 477776 776746 7777077776 777776 677776
47 7760771 677077 474077 77777977770770771 777877

77 7878ιιξξῖῖῆ“” 877776 677776 796776 77077617747009777
47 798809 7876878087 789409 708809 808109 787689.
47 467984 707704, 9071041 740704 740804 867984
49 749787 777887 7874744887 774607 774407 744707 ,

J 822500 987788 777789-79-777077881 987788 7²²500

’.μα-ΜΨ mmm

77 999887 748887 780787 788487179788788871 900801
5217859177104 917504 07790414787049 7787047946079784

 

77 774407 7777077007 - 777607 676787 ‘ 476707 747477
74 . 777776 777776 7877077776 674778 47777

5 77094741·470877-777877 997077 793077 014077

...u-*fluu- monna-⁴¹¹⁸·- *nn*

77 877777 777777 788776 77777677761’ 7777761 777777
47417868867849 807049 700449 747849 7977749149 97864
47 740964 987764 744164 777704 877704 7949748984 ¹
59 418281'7878160081 921881 703⁶8¹ 707461 , 327281
88 7716001 777600 78968998881 887688 68 7688 505600.

814176

 

691689 '⁴ 4

