,’11996601· 999661 9 ' 1 ’9 ngj-—Q
41699799764881999139399718611813981999148948196110996890674677884
641 9661645 4919649779696964. 699964 199964 ⁸5²4⁶4
49 ’9994119449 694649 ’ 191649 191149 419149 9494641449

119996 ,644119 ’9999619496 619991,444996
6446 7466970774087047 6ζ446976 ffls 822025 444047
1404 941916 119916 14911Γ41401ἴ6ῖῖοῖ4444 447444
49 996669 470009555405 469 614469 144400 ’,444400
489535131904 ⁶71504231404 810704 4407040649040004
401, ,449909 067044 4668091764006609, 606409, 996909
7011· 7947000777064700 6997001, ’,4097001 809900. ,499700

Μ--α--α-ο- ···-W* W-rr-w ,

67911 79781091 9780046 898904 ’,0084091 008609 698809
441...444 4944119414 4494114416...444
144 6 1 407446· 096646 7860967,, 207756
55 69101969999489099 7846961Ἣ404097

mnu-M

3⁰37¹⁶ 844 716

4996199996646619

99 119649, ·ῑ’·491649 991449 999449 9619199149 996649
69199996149641·47496499996111164 969964 491964 991964

99048918440841989881 06 689 767489 0647980989
660 47 6000777097600 7706001070696960 ..

1 ⁶50921 .119111.·11999911..999911 49999111911911

⁶1 694996 ’·199·,996 9969961ἶ, 999996 070444, ,444444

166144 461644 9916446 999444 9616199144 991144
19991661969 6641691999916696911949964111· 49496”9-·’·994’969
194496 9996961 961496 949196·- 9446919696196196

,479497 007997 798119699971411196’944119 5⁶7²²5

„wumW--m mm„

6477760778400706 7939966 9871666 94016,,6’,, 963996
47Ι 440444 94 444 94916191--Ι 999619961914644 999419
400440049444 7919991149414 919614 99161411 996114
40 199961 ··999461· 9411611 914961 91196119699191961
70 4444001991966 ·99696619991116966 91491161 944966

7¹ 4444440070444441991641·.91..6141’.9116416449141
74 649984. ,9699844 9119 9119149611119144 941914
73 0444444444 . 99 449 999114 ··’964919 19191191· 999919
74 4444474199 496 ·14919896 964696 969496 9691194196

99 40961’. 9966449 14146499991666491· 969 669··Ι 44444

’ἡ606076 7601461176 71537'6‘ 90677Γ 009776 796076
996919 941949· 969119 491919 9619699919 749910
994444. 9944164 9191611141 6114941·- 1946111· 919694
ζξο7η44487044 991144.. 90 6441 884449. 4004490600446044·
6161611 411466, 91146114491466196666404 149 444444

 

