41 '2202422100 4 17117·7;,7,1,71,7,0,,1,;7

479 7967769647 7777449647 7979777677 7799976777 7996744477 7764996699
,97 969764 777764 776764 674964 769964 667764
947 477147 777447 771647 ¹ 767677 767747 ’ 766747 1
4 4777776 774776 47777 ·· 77477 ·777176- 771776

47 67767· 1779767677 54mQM72025 Q

464 776776 ’· 769976 64497677467697769 ,97797677699777μ
71 Ι670707 707607 ,- ι747607 . 707407 677777

148 994404 414904 , 6444047 414104

144. 7704046401 417767 974607 417767

50 20250e 6779667796667466 977766777766776 967966

1 67667 677767 799997 ⁶07001
146 410704 271504 734904 , 616304 71670 ·
171 717107 777467 774007 ,176607 717107 777799
4494 6149161776679776 496946 947976 477776 997979
97771 774677 774677 ..1999677 77476466741· 9776797767677679

...veum-..nnn

ἡ* *Um

7999717176 1417760 617776 · Ἣ
7

997749 777449 774047· 777447 776147 Ι771147
77 7710077764 476764 · 771764 767164 · 141764 ’- 741764 ᾖ
99 799477 4677977797669697 464661 946641 444487
66 744666 66766471 767666 9696697777677666Δ 99966

167 ,947777 969977, 777777 · 6747771 ’.796976 699777 ’
67 4717 77 744 , ’716644 r, 777044. ’761444 , 767147
67 777767 67777- 471767 . ,117767 716767 767969
64 ,6666967977647796 977696 · 919496 477796 9799949 1

67 764777 AQQQWWNJ 77671741761779777

manu-t· mauu-Q

77 -77776 771776 -774771’.,7777764 611176 114776
67 977417 447719 777717 707617 776177 17747
77 7777676674 · 700774 , 747174 407474- 171074 77467 ··
69 776711 . 6047611777071761
Ὶ76 714966 · 7114966 , 141900

77 379647 414741 ’,747441 7116411 769447 ’ 776647
719 477114 717714 ’761714 176774 mom, 779779

717161 777761 477761
- 679996 7999766966 , . (roano

77 · 7777177777071777 466777 771177 417777 977979
74γ 761476 176776 771076 7747077776 977796776797999
77 ,707617 770677 . 674617 - ¹⁴2⁶.².⁵ 625625

myst 444970 ’786776 744476Ἤ4-76Ἲ9796 7

71 111644 441664 . 989164 444614 940414 446664
79Ι 777747 64164 ,1774697147 5596412754045441 999949
76 476466 , 761. 66, 797466 · 664466, , 796466 476466 .,

b·

 

1 ιιι-7117111· ·

 

- 777677 = ,

776712014919 Ι449469 484719 ’996779 999999 .-340⁹29' ·

