.22000 Ι ““’ἶῖἷ66 Ι 44466 Ι 44966 Ι 44466 Ι 44966 λ’ ζ

“ua-d--m-d*

ώ4189496464 494496964 496444964 4466969464 464494464 469964464 , .
84 644484 494644464 484444 944944 446444 94694
84 698889 689489 994689 998689 489489 994889
84 969696 129856 996696 969649496 996496 946699696 , 2
85 “747225 494449* 644449 688449Ι 999449 684449

86 994996 448996 669996 494996 646496 449996 '· a
984 844469 464969 446469 494969 649469 174549·
899944 464444 444944 4 444444 446444 449444

⁸⁹ 9669Η 35¹7²¹ 798648Ι ²⁶7321 755521 464944· · ,
790 968460 996466 8441007 312100 800500 308100 , Ι 5

499912271 440491 444644 446844 444688 444444 4, ,
Ι94 696464 484864 988464 468664 896664 898464 -J
500649 529249 994849. 446449 944649 444649 . ³
Ι94Η 844686 ἑ78686 497022436 494496 986996 488886
Ὓ489649 648949 669649 996649 966649649 999649

*Um-m

Ὓ499446 664446 444646 589916 696646 999446
499469 966869 496469 649669 449669 844469 ·
997 944664 ¹¹'·7512'047 466864 696464 466664 669664 ’

99 969864 999664,--449464 949464 469664 994969 · ,.

ΙΙ 44666 Ι 44966 Ι 44866 Ι 44966 Ι 49666 Ι 49466 , ’ ’ μ
6 946966466 949496666 949846666 944446666 949666666 999646666 7*

ι 869464 999464 889664 499864 646664 696464’ ’

4 896464 986864 994464 964664 694664 964464 ,

4 894669 446469 946869 449469 444669 944669 2

4 = 946846 494646 946644446 999446 484646 794846 = Ι

9 986649 949649 668699 69964 230025 84102

6 944694496 964486 888686 ⁶5483⁶7'''”3{4034 Ι 889496 , ,
Ι 9 · 646449 669849 449449 Ἑλ946649 444649 , . 944448 , ·

9 44466 4 699464 464864 776464 868664 978664

9 866688 698684 499484 844494 4¹4085 534025957 4
4ο ²¹²¹09 944466 296100 868466 466466 4972 ' ·

499944 989944 345725' ·949944 966444 158397 ,
12 464444 444944 444444 949446 444444 4644 ²
44 444469 886469 444969 ·444664469 494469 446966
14 494996 944496 498496 644496 644496 446996
49Ι 498449 994449 994449Ι 699449 666449 969449 “

1⁶ 489496 94664669 6 969896 ¹4m3⁰

17 948689 664689 649489 488’889
48 575924 ¹07524 664444 484784
49 649464 494964 966964· · 486964

46 664466 498466 994466 64646

 

