. 1 000001 0000οΤΜ

ΙοΙ 0040040000 0000400000 0900000000 0000000000 0994040000 ’4000000000
,000000 000000 000000 ,700000 000400 4007000000
Ὗ . 00000 000 004- 000404 4000040 040004 .
“ 707400· 070000 000000 009000 00900
040400 000000 004000 0000004000 740000 090400

Ιο ι,400000 0007000000 000000 040000 070000 000000“

044606· 064 5⁶ 706406 067446· 444404 44464
3¹3243 133 45 000440 ,440444 4044444044 77644
044444 4446404044όο 644464 40444Ι 444064
‚3333 44000 3333 0400οΙ-Β 3333 4⁶⁰''33133 ·

00 4000700 790 00 000000 990000 ,000000 000700
347333· 3¹64 512144 0404444044 706444 444444 ,.

13 474464 4004404006 600064 474044 440464 535333 ι

¹3 04404 10044 744404 00644 0446444744 464446

000-χ,- 007000 000000 000000 00000 780000 ·’
. 444606047141400000 6ι4406

440 640604 070004 ,770404 004 0407000004 470044

²³ 7²33¹3 044444 040044 040444 040744 000οι4 ’

34 004776 4440700470444076, 644076 474176 444070
400000 0000ος 000000, 700 00 43031533330635323

{un-mndata.-

Ι· 6766400474404140 646440 ²⁶62⁴¹³ 04444οΙ 044444

,4000000044 600044 4000440 .
444044 774444 400044 ·
070040 966443 000040

47 101444 047044 444744
48 000004 004004 448044
44 444440 044444444· 604441
000 m‘⁰⁸⁹⁹⁰ 004000 700900 3969303398033900 688906 '

33 *734531 000700 000000 000000 159333831539

32 000004 436624 59733334324 040404 000004 04000* 3

³³ 060664 06444· 004000 770664 41128343330633 · .
04ς 0940000000 000000 385356 000900 008700 000000..

&aq-⁷²² 0040040 4114253383325325 ⁶35²²5 0444400

06 064406 444446 00704 15445 6 741644 444446
07 400064 0461444460 66004·- 28073· 318133 070064
38 644444 04000·- 744444 440444 33330436 44 702'234
39 739921 007700 900400 000000· 070000 000000,

40 000000. 4470000074040000 000000 007000 000000

00 0947000470 000470 W3l ⁶ 83187⁶ 4047676· ι·00007

 

