Ι,Ι „71800 1 ’749661 74666 ΙἮΤἾῖἦῖΤ-ῑζῖ

64 19464669944 9478989948 9494787744 9467469944 9444694464 949649·Ξ
⁶2 444644 449444 944844 444444 496644 44
64 496469 644469 44949644969 498469 944469
64 494496 847496 ’446696 644896 9444689696
64 448444 64 441 464444 784444 4444441 644

66 444996 5175105156 448446 944446 444446 44,
67 869689 449689 ⁶52489 9468674889 519289 98
68 9469669444 999644 796644 446444 669844 9497449
69 499464 996964 946764 964964 868964 4· 61
70 496966 68696619894684966 , 9689 994966 4468

ww ··6·-···ν--ι-ιι---ιο-----ι--.Ι

74, 446644 844844 449644 699444 9449697444 ,96444
’44 484484 968484 874484 ζ 7974841 444984 7468
486449 4444
444446 9948

48 4484494484444449· 444449 944949
74 874876Ὶ 496676, 664476 9469686476

79-94666496491 ,466649 869649 4966491 679649194989448

w

‘’ffi05 444446 9497461474976ΜἯ”“Ἳ446

449449 · 964449 4444

4444691 6944494494694949 “mmmm 554³*

44όῖ884 ’886484’“ 688684,
996644Ι 976444, 984444 ’868644 499844 74964
79446694844664661 ’9464661 9944661 9984661 86446

ἐπ”878464 464964 676964 521009⁶7⁶f 9449641999669466
86 Ι 5167021924, 408314 854724' 646664. ’687844 553525
, 464689 444489 948889 484489 844489 4986
969496 696496 9496469696 949896 976696 4446

89 ..ῳ-*4994491 846--449 1447449 674449 9449444449 96744

861 996996 984496 994996 848996 469796 416
841 7444694484448469 444469 964969 444969 ¹
88 884544 272144 ⁶79744 5211107344 8649444646ιι
89 9468648944 446444 841344 49,4’744 699944 468

61 474466 966466 96 66 996466 844466,

911 949884 7646849497444484 540481 988684,
499664 848064 496464 684864 944649 9464

, 664449 994449 444649 849449 444849 4466

8496696 944896 979696 444496 8866

486649 689649 94444486491 967649 944468

&mh ’464446 744646 4866
471 478669 866609 878469 466869 846499 844

48 322404 7-446649498444664 9944649447666864
19 466464 896664 265801 699668 449464 6446

 

