ssfflvm ’63664931 5829.) ⁵³¹00 1 ,ε
66116968969646 6999999846 8990098946 6866696646 6866666446 6846846646 · “ ’1
6466666 own 666 66613664 666 ¹⁴.
61 ιωυή 999 6661ὐ 6664 999299999 ’

64 6664 υωπ ³uw⁶ 666 6666 unm
691 9966691 969669 ·4⁸⁰⁶25²821225⁶²52„„ 696669 669669 “

661 499896 6986696696 986696 6664961 996696 996896 ·

691 601129 696969 696969 66986991τ 866969 498669 ’,

2 9664 amu 966 66619664 '·

m 9m9 666 666 ·46666”664
961 96696 49696616996668696 984999 6869661 996966 Ι

ΜἮἻΨἼἭ nm

8848
696646

669464 669864 666664 4 996664 999664 6869669464
88, 686689 969984 969889 6 9664 ᾛ1Ξῳ89 669689
64 6669 666 1466066666 466 ”ww
991 4496691· 9866691 999669 6646691966669 96866

9611 948496 6986689696 646896 666696 869696 49449

w 666 6669 666 4669 666 6666κ ,

¹ 66664 966 6664 666666664 666 s
*uns 666 4666 ”wa 6666 nnn '·

146 9696661 969666 6996669666 644666 646666’ 84966 ·

46996674886 669686 696686 949486 347081 908886
6664 666 6664 666 466466666. ’
ἱ* 689449 864649 886040 ’‘¹²49l

880848 178449
996996 969996 488886 6889669896

0666 666 “

496969 6986699669 994669 696669 996669 ,896669 s

mma-⁸*- *mm-¹·-

66966
709904

a 666 4664 mnu 466466666
969666 499666 6999666866 996666 696466 866666

ζέ6996666966 562500 666966 9664661 966966-Μ Ι

669466 6686661668696 868466 468666 6869668866
688804 778804 ,883804 914804 814704 i35104
4666 66614600966666 6664 666 -
94 449966· 984966 949966 666666 966966 949966
99 *5490252783090027' 696669 696669 999669 494669

6 4”“’“”64466 6666 666 4666 6661 6666

ἱῖ1 666 199⁶ 6661 6666- -6661 49μ9 , “
9

1 746604 246009 805409 384809 984209

87 78 9 ⁶49 6 806049 801449 448849 6869649649 666649
88· 864964 401804 968664 949964 ¹ 696964 996964
89 970686 512081 2794073 3881 699686 699486 899686

ἐξζ9999699666· 6696661 694666 966666 969666 989666

Ra

 

