ΤῖἷοῖΤἯΠω 1 2262

m

51142841

229 Ι49293442
1 33 908484
231 322929
336976
350625

50708641

Ι 722884

737229
792376
769629

364676 ’

17 978719
28 392784
ι399 409843
309 430000

mmm—.—

3211 434962
449624
311 463689

34 477296
33 492229

361
339
39
40

538444

547511
363600

171681
39976
663949
637936

639033

646336

660309

, 674804
689401

5 Ἴ 702500

736603
736764
53 744809
34 792926
33 779021

36 787296
‘57 801249
58

19

60

969296
92336999

323364
329422,
943666

794115

868994
833643

836900

.833361
863434
879689

893996
962223

337384
37373 o
386376
30062 5

333076
1219519
249984

. 958441

373900

287362
303834
336389

336796

845115

Ι

1

1

58597941

633694
636309
640976
6336391

670376·

684919

699984 ·

734343

7289661

mnu-*w- --m- ...n-‘m

743 3962 “

718114
772889
787116

manau—*m*-

9224969 339696

936769

933044 388·644

963333

999883Ι
93009364

374269

403333

030449 ’

0367369
0330331

063336
079609
091904
308303
333300

519009
569104

, 548001

363300

1

836896
932969
346244
860933

919649
934336
949015

963726
978469
993264

55071245
086084
¹00929'
333376
330633

249476
960339
171284
390043
304900

249489
264336

2346249

sog-&Amul

1 ’7466 1 7962

W

5⁶5⁶544¹

580484

191119
630376

6296292

V m

,

640676

699729
670784 ¹
683843

700900 ·

793034
746089

763336 , “
796933 ·

9940999 793396 ’ f ,
368969 966369 .
3338 ,833444

333733 3369229
333600 833600

’ 368483

989164
399249
439136

1

4330291

443936
41786
471704

34007803 497603
093300 3033009 37003700 2

966683 ,-

993764
896949
922936,

997033Ι ’

943336

957109 ’ ’

972364
987462 1

...m-..mmm

, 336803
333304
269469
279726
394033

309336
333649
236964
333393
 0636001

577001

992964

606009
630336

699623

649936
664049
678364
693682
707600

1

0347303
051904
066609
083336
096033

bum

330736
811441
340364
334883
369600

-w

117401
191804
547109
363336

577015

392936
606949’
633764
638681

6336009

813 .·

037603
033704

647869
063936.

,078621 ·

692236
309349
333364 “

,338388

333600 “

Μ

 

