86899 8 869991 87999 877991 877991 87999

99774“”1““ἶ778767 7767674767 7787777767 7677776767 7677777767 7677477767
477774 861774 774774 777874 767874777 67777
·699689 7966947789 448889 871419 977989 78167
879496 776796- 679996 7697949896 9674

⁷⁸5549........⁰⁰³²....².......5 777777 777777 774777 67777717676778777

’.Μ’-ΒΜ

79 776776 774776 777776 778776 847776
87 777767 778767 7774747767 777767 7677777769 ,
78 774744 777744 777744» 747744 774744 7779
89 698777 7767786777 477777 77777 767777 877777

99 877799 769799 668799 7697996799 944199 769797779

7717777747887 474787 847787 777487 778677 777777
779664 698664 7864086464 444664 ’
393449 768049
767776 776776
74797917968799979 999979 968979 477979

761 774877 774776 7777767677747476 7779777997979777
8⁹⁷ 7777788667 478997 787477 976799 796799

99 777494 979994 7786767674 477774 747874 47647
99 496797 876997 799897. 669697 7677779497 989797

11 77499 1 877761 876671 877771 878991 77999

97698769999 7696799999 7677769999 7697799999 7798846999 7746499999
7 774877 477777 777777 467477 7779777677... 979797
7 7699799694 699994 7674779494 649894 7
3 284409 778009 285609 816209 366809 937409
4Ι 977776 777776 467876 777676 747476 7777779777
5 ³40²57 ·

697779979 696979 769776 7979 778979

868896 999996 877796
8⁷ 787647 477747 786447 ’
817649798464 699964 7679767664
ἃὶ 338281 879987 996887 868687 479487 882281

998799 7698999799 977796 7698044600 896800 778876879
’Μυ-

17 857744 350144 862544 394944 947344

79 7647997969 979769 7676997769 979969 7777777969. '
74 797496 799796 777996 749796 798996

777 4877871 876874 888777 921225 4747777789947779

771 777776 7677776776 76747617674776676 647876. 22 ³0⁵8
, 777887 777787 778687 777687 8774871997779
> 996774 499974 971984 447524 7878008884 5747

77177777 4884⁷⁶⁷⁷888 888 4478 7747

77 6828218 779777 6879771 7799771 777777

esp-2*-

 

