mmm

41 397363433 663366633 667373333 633337633 637673383 633633483

433364 369764 33836 366364 334964 363364
- r. 460249 333349 333449 336649 334649 333643
369393 . 463936 366336 , 663336 664336 663336

’3386331 433663 ι 336633 333663 3346637. 253025

066899 966009 474609 =
704704 ᾗ 604904 349904
,733663 633463 373363

· ’ 763366 633366 363366 3333667 363366

733663 ’ 6734331 373363 333463

434669 333409 , 333863
463364 “, 433364 . 463364
333663 473863 433663 · ¹

“”’”““”’“ἶ5ἶἶἶἶ“”““””ἶἶἶἶἶῙἶ““”“’ἶἶἷῖἷῖῑ”““ῗ’ἷῖἶῖἶῖῖ””““”ἶῖ3336 363936

366764 733364 633964 663364
· , 349369 336469 633664 633663
393936 839736 733336 763336
,943633 869633 773633 733633

“ 099990 997196 918336 879890 640796 863936

344343 663646346 363643 369649 836443 333343
693364 663636964 938364 936364 963764
344433 666383 633663683 963883 933633
393666 333666 637666 6186396667633663666

Ι364933 367333 669333 633333
334344 336644 339644 363444
363369 366369 363769 333369
A 333896 333696 333496 363396
363333 ³⁰5²²{....2f⁸²²5 333333

 Ι 433336 1 433336 334336 333336 363336

, 333364
l , 397 343633

{aggii 466889 464389 367639 333639

⁶357⁶¹ 336334 433364 433434 463634

333363 363363 467343 450961
9⁰⁰1 552900 3369667 366966

mmm

33 633343 334643 633643 6634433 333343 550841
73 878384 383384 767384 633384 636334 666734
2 ¹ 73 937739 833339 736939 363339 666339 636739

*979770 364336 3363361 333336 366336
363333 664663333 934339 333363 363369 336369 3
4 , nwu⁶ww3⁶u unu 666 wau
· 39 333443 363343 633643 393343

, 364643 936443
66 379496 376466 363466 634643466

6396344667 6346664643ι

 

