’'ff-7923„— 179499 794997 799997 794001} „59⁰3
’Ῑῆἶμηη 6469ἷῖἦῇ w

44
99 0 . 444664 444664 744444 “
44, 664669 · 446479 74977964974464496496944979,ι 99747
474 744476 4667476- -444476 8
999 999674 -“ 764644 699644

§munh-¹·- ..μυ-

979776444464676

. 476444 7964446779479444

446476 .47ι776674466647
444644 440644 ,444449

m

777, 7667796464967449 947449, 774949 644979 543729 , ·

’ἷῖἷῖἦἻΜἻῖῑΓηπ ’Τ446-78,

74 444744 446444 6677674464 44444
. 582841, 994644 794444 6499999744 966944 ’ 664644 “
746900 666606 696900 6944949999

-. 744464 444464 4674644 749794, 479994
4446446647674 474444 764444 466444 444644. 444644

8076 84 » 706786

634 6660896467994669 994749Ἰ „4339 001409, mm .

944 474476 444446 6474646746 444446 766479 2 997799
4464 447444 444444 7444446444644444 977777 44977

Μ ῃ

9947 949799 996496 444696 799696 69499769961 974796
47 447464 664764 464464 444464 4469999979444499
44 6447664444 444644 666644 446444 muz] 444444

99 469944 964974 6409474· Ι676944 994744 497977·
40 9446996469499699 677606 666600 7466 ’64469

4¹ 479664 797664 6479666086 994686 876486 770688
47 647764 446464 444464 644444446 6444644464 979744
’47 744444 644444 444644 444644 · 446444 6447944449
444 444446 774746 644446 476446 444446 44744
449 6446444974 994944 770064 664066 608066 497974

7794464464949946 744446 ”nux ⁶⁶⁶9¹⁶ 469449

-μ--ι ,

3 428209 74799964699679996 6946499 644699 , 779499
*⁴⁹1 9734 47734 44734 ²⁹ 4664444664446644,ὶ
0001 000500 7999799ὲὲ499 474499 997499 49799·

Μ...

94 6449969694.. 666866 766006 686606 .
4747949799979464 474464 744404 646464 44679 ·
⁸ 976699 497499 6464996999
444446 ’444746 Ι46446
644444

644664 774464 · 67446
6797647446 446449 64646
446979 6949997944 996679 “

mm! 4444466444447446
444444 “

664464

{gl 974464
6946994 799699

6977 4696991· 994699 6764447699 6796999699

95 n

 

