11 ·99466 99966 996661Ἓ76ἙΤἛΜ1
ΜΜι19999996991999699

25 999999 9169669199 989999 996999 899499 14111
’ ι94 996996 146996 996996 99941
99 996699 999649 · 946699 9999699699 9996646699 99946449

:nh-‘mm' 469496 9646961 999996 9996961 996996 649496

ιι 694694 999494 969994 , 999994. 999694 966994
119196669996 996996

'²7 499499 919999 991999 - 9’-94999 919999 46994
2 9 991 699 999 9999 9999

461’ 994966 696966 146966 499966. 498966

51 χι·,64969 6999691 696969 119469 168169 494919

19 889694 999694 6914941649894 988994 164194
9694991999999 ’1994699 614999 669999

111999964699619999961 999996 ,996996 949996 999996

. 911999991 15 61696991 9 99911 896991 8999911 864991

’96111111 9111114999699496 9496961 666996 ’99466
191191999944 999444 999644 96964419996669441999646646

444999 9191991 916499 988999 949991 ¹237u
’194666 499666 4996661-9696οορ991666 961696

- 199499 4906810 -468889 149689 ’4619891 9994
699964 ,969964 499964 496964 994964 16996
996949 649949,’ 969449 966649 464649 449949
999496 999996. 646996 999996 944996 94449

49 908025 869691 72602‘5 661691 69499 661699

4⁶ 986996 886996 : 16149 ,144196 961996 619196
47 9916661869- ’··96196- ·884669 894669 · 989469 969891
4⁸ · 9449649964644964 969964 969964 969964 949994
49 994669 991469 1199649969 983001 949869 699699
· 161 469166 ’969166 9991669186669166918869916619196669996

man-ov·-

’19 489469 1 989699- 9698691 949669 969969 689466

..466464 966964· 989964 999164 ,989964 9661
14 149969 439809 966469 301009 · 969669 9499
14 698996 198996 419996 986196 949496 99661
55 ..κ-699691 198691 199691 466691 4996911 469661

¹5⁶ 999996 , ,699996 9969961 9999961 966996. 4696

. ’99 994449. 999449 ··,699649 699649 ··999449 ’9666
⁵w · 999964·’ 996664 699964 94994
99 9999694699 994499’·· 996999] 9,99699 ·

 

