 

’11 796001 797001 79800 71901 ’86101 30100¹

·’6 67 76166666 677167666661686411116667846166176646ἷῶΜῖἆῖ6οό6
1 717161 147461 177661 167161 ‘160001 176161

4 478404 408804 699404 349604 640004 660404
1 617609 968109 918809 489409 410069 ,496667
4 776816 ,717616 678416 647116 ’646616 676816

811 966046 887046 868046 809046 ·866617 811617

6 67771171766777646476 777676 768176 766676 771176
7 174449 101841 6169117141 6189118649 6401141049 0417111449
8 411664 169164 116864 181464 480064· 491664

7 ’1771111 714681 476411 448181 446681 471881 , 1
1 771166 684166 676166 668166 666166 611166

mm*-

11

11 61180709446194001944 991144 947744 916144 111944
,17 117767 161767 6176114767 6786687767 6461686167 6418671767
14 418796 111796 474996 447196 140196 494996
941111 411119 414441 407149 400111 411119

19
16 707496 640696 991896 967016 160416 971416
17 166687 866689 791487 716887 716117 777689
18 6119049944 999944 911144 886714 8801147

17 187161 6777111761677167176176787646761 64676467616417674161

46 744466 171466 17146671664661 1664661 114466

munem—*fl*-

Ν 117 9016417 4178411 161-611ΓἨ 166111 766441 ,774641

661184
1177Ι 811117
’14 781176
,17 6746146611

167 177876 ’““1776767 176176 167476
477 499129 694649 649949 6461497 640749 776117

766749 741649 86949 680649 696449
716176 876776

6776677617 6771676617

849776 840976 899176

597284 551684 5² 084 520484 534884
76188667617 6464666617 6416617617

μ*- *unu—*amm*-

18 618184 991984 909984 489184 480784 4767147
19 ’ 777641 711441669141 649041 640841 671641
76 776766 372900 818766 864766 *7

7116741676161 6777671761 7887 61 7647617 7667617 777161
32 177414 1711146777141114 7677114614646711161446411177414,
767117 184487 181687
467996 444116 441196
6171171 664117 661117

497689
497916
618147
:²3⁶ 194496 8496961 786896 764096 761196 7784967
776741091769 9191697631469697 9119697 911169 9117677

11 414619 111189
971916 910796
’ 7771171 676117

’ww-*mm

71 111644 6771148647 74166144 67766878446466611444 6411677644 ,
776711 ¹ 768111 167711 147711 141711 177711

7817 ⁵²⁹⁶⁰2L.;..2f⁷⁶“⁰ 4176667 4676661. 461666 417679

1t2

 

711711 847711 777711 7677117 766111 771711 .’

191944 ’

166676 177176 ,

8667667 816766 . ’

