4¹ 988768887 989707067 998068788 497649487 400647687 4084784887
Jl‘zouu 746464 7041641 684464- 687764 700764
44 847449 786049 744 49 778749 777844 740449
48

476776 477896 784996 764796 769996 770796
476074 864074 874074 804074 8070741 ⁸².¹...⁰²⁵

mmmm—a...-

46 464476 404476 864776 847476 847776 7487474
47 4864774604 444004 404404 847804 887704 407604
48 048904 988804 948004 90070 ..900804 947904
· 44 084707 440074007 487807 467607 467407 487707
’· 50 777400 0674007 4444877400 40700740014480074001406077400

' 47 *161801 707007 067707 0474071 047607 067807
‚ 47 707704 7474041707404 087404 087704 704704
5³ 740404 787004 747604 777704 777804 747404
² 441- 774776 7704766 787476 767776 767476 789776
474074 760074 777074 707074 ,704074 774074

’86 9888861. 799886 760786 740986 744786 784478
“ .87 997649 989049 90644 787749 788749 804874
, 88 496964 878864 940764 970764 878964 944984
44 476787 478087 474887 467687 969487 474777
474600 447600 474670 407600 404800 425500,

60 mm—

. 87 -4444771 447777 444477 4474771 444777
67 884644 886 644 499044 480444 4888
87 6094969 876769 888769 870869 77748
77 477746 608696 878496. 860796 86409 776848
4111 777774. 644774 678774 607774 80477ς1 627225

*m

66 890084 778804 787404 777074 704674 748774
84 864467 “ 874467· 777767· 760467
,70 408400 847400 876400 80040 804400 878400
’ 9487471 7974481 086647 840840 4470491 884747

740889 794789 647689 689084 684484 707474

. 481 ”W 694786 687986 647781 644986 667886

764768 778787

487874 880984 896874 880784 887784 404774 -

74 487006909 976809 986009 900709 925329 444474
441 066776 947077076 978876 960676 968476 440776

· *741 ,040678 998079678 ³⁹9000⁶25 408008678 4070487874

*Um

1111744976 040776. 088876 040876 048776 070478
,784979 Ι09709 098779 080879 088979 777474

· 771 777884 6790841 784884 151684
79 764047 7088481 174640 747047.
8οΙ 800400 046400 087400

mmmm

800484 776084
760447 766747

774400 700400 706400

 

