1
49

64
64

66
7

44888 448884· 448881 444881 444884 44488 ’

64 4949444444 4940999944 4944444444 4994444944 4499946444 4449449444.. 1
59¹8 8444944944 49 ’984044 408444 904844 1
64 884464 844464 448884 444464 446468 ” 444484 ·, ῖ
448848 684848 8496944448 ⁴ ‘

814225 664644 649444 44944 ’646444 449444·

888488 4ῗῖ“4“4“8“““44ἷ4’ἶῖ””“8’8”4’4’4’6”““ῗο“8“ἷ”48“““ιῖ4999.
994499 -644444 449849 494649 446949 49949 ,,

444496 4444944996 Δ .

64 8444848844 468884 484844 464484 448884 44464

99
99

44
44
73
74

449464 494464 444964 444464 944964 449464 ’,
84499 . 69499914949944999 446999 44949999991 ..494999 ·

w

449944 649444 444444 494644 944444 449944
994844 44444 484944 666944 449444 64444 ’
407989 998949
444446 996446 944946 444446 999646 49444

7411 964686 990644 486089 499644 944649, 44964

mmm*-

6

77
76

79
99

844446 8444944448 488848 j 464446 448448 44444
774944 899644 · 649444 444444 699444 496944
444444 444944 449444 449644 694444 444444
Ι946499 444499 4944991 46449

706999 ¹²9³²9 57472913‘97040123} 5255291412010929 “

449499 446499

44114944999464 ’446464 444964 499864 444964

94 ’
69
94
69

96

67
84

49
99

844484- 488844 944484 489484 488444 ,486484
844444 4444648498848884 4444441·444884 444448
’499946 649446 996646 469446 8406949446 444946
494444 4444441 4444441 694444 444444 ,694444Ι ’

448448 446446 844448 4884468 488848· »484448
444484 448464 988484 444488 844884 448464· ,
699746 947944 994944 464444Ι 960844 497744Ι
499944 4949944444 469444 ² 994944 444444 994944
664499 ’996499 , 444499 4996944499 499499 4449994499

*ρῳ-..Μ ..υ-..811 mma—*w

91

48

994494 464644

4444441 4494441 644644 946444 494944 949444 . “

699464 464664 649464 · 444464
’ 484444 “ 846444 “ 484844 ¹ 844844 ’

999696 444496 944496 499996 ··994496,

- 464944 944944 946944 4449441 944944

*ἢ*

ΤΜ8 vom 448888 444488
,« 444499 646499μ966469 49469944969449491 {2323

4494948 49494 49999
944494ι 644494 · 444994 · 6446914Ι

., uz, -

. 464694 694494

 

846484 «448884 884484 448484 “ s

