3 1³2009 344609· 973409 463809 694409 38300 ·
’4 336636 436336 4946336ιὺ 463436 949336 446636

4 336634 643634 663634 333063 964063 433063’ “
†W“WJWA¹‘75WC 463633336 436646. ,

ΕΜ 33366 4 333664 33466 Ι 33466 4 33466 ¹

10 644434666666 433436666 492840000 497396666 463366666 4336346666 .
3 644663 444363, 334463 444663 364363 394663

3 · 633664 433464 633364 336664 343664 346664

3 363643 -.363443 336343 666643 633643 46464 ..
3 443664 364664 494364· 646364 333464’ 636664 x
9 *396081 363333 346633 693433 · 364333 644633 ·

36 446366· 343366 334366 ’346366 3633664 36636

ὰ

33 434333 396433 ’433433 -ἶῖοἷῖῑ 343933 344333
1²¹ 363344 346344 336644 333344 663344 · 336344.. ἰ

34 572169 984769 433469 369969 346369 833669

34 434336 433663336 463336 334336 333336 336336
34 666334-634334 506225 959225 443334 ..ῃ-3934334, .-

, *nunu-

663 364636 363436 4336633363366364 433636 336636

33 343336 , 363639 464639
¹⁸ 792324 205924 639364
· 39 346463 396363 633663
36 336466 ἱ394466 333466

...and-*W

. 33 934443 443643 333343
33 663434 333334 333634

· 34 434633439 433339 363339
64 636336 436336 366636
3666344 434634 946634

643439 433339 4676343343
694334 466334 666434 ·
343363 6334433 ,364463
333466 646466 346466

663643 , “ 363443 - “ .
373634 ’346444 ·

3'16329 796939 334439 “
366336 333336 336336 .
4636631 3366631 375625« ,

344636 333336 633636 436336 343436 466636
633366 664663 464633363 434363 336333 463333 · ·
2527184 643334 083984x ’336334 503015184 366334 ,
“ 396343 693643 333443 434343 666643 444343 ,
’ - 633666 364966 666966

633363 346363 643666· ι,

γ6363664 634664 ,633664 ¹

366333 633436 336633

363336 ,334336 781156 '
494334 3333334 4393344 336334

’ 434396 ’1446663496 439696 396396 434696 ,3333964 ., ,
666363 4333646363 434663 646363 433366 3363634 ’
633444 633644 333644 636644 463344 363444 -

“ 333433 ’344433 434333 499646933 464333 4333666433
463666 339666 633666 634666 4446664 6436696 , ’

 

