3363661 mm
, ff 433646666 436836666 443666666 443336666 449446666 433696666

3 1 683663 , 833363. 643663 - 333363 483463 · 333663

3 333364 ,833664 3634664 ’334464 · 334364 333364
3 . 364363 Υ333463 336663 , 336663 363363 333363

l 4 , 366436 933336 ’363636 378836 669636 866436

3 - 848633 433639633 336633 433633 633633 963633

, “ 889636 , 6668361 333636 463336 694436 943636
1 986649 606649 694049 909449 736849 988349
333364 344464 336664 343664 333364 43463664

’,, 9 433634483 386383 378683. 4 389883 333683 - 633483
4 3 . 6363661 338366 436366 6333661 864366 336366

*-

33 693333 369933 , 463333 6343331 966333 338333
66 ’689844 866744 904644 766944 948944 363344
13 336363 333363 346363 333363 Α 333363 · 343363
34 333336 333346 333336 366336 436633336 336336
33 364333 433333 636333 843333 6363331 339333

36 363336 433636 633336 333436 333434 333334
⁴ 67 ” 847489 , 960389 764689 967689 363689 434439
, ¹ 38 w 333334 363334 Ι336334 369934 363334 433364
’ 39 ’ 436363 664363 398363 446633363 343963 499363
36 4334661 646466 3464661 0544001¹ 6334663 343466
21} 334643 , 683343 -333443 696643β 330841 585041

6
7
8

, 33 ’333634 336684 334484 333334 339334 439434
33 333333 ,333333 366333 333339 433339 496969
,64 , 688976 ⁴ 813776 443608976 ' 668876 498336 333936
69 6806691 699669 090669 363633 36663 333633

man-...nu
36 ’ ’333636 633436 633636 363336 343694 333334
33 363333 333336 334333 336339 33333 346369
33 A 363334 333334 336334
69 ² “847646 438633046 ’
36 1 3833661 664366 4

333683 663633 846383 696333
6 439336 646996 886796 339336 “
473333 688333 933333 383333

””“·333636 336636 , 333336 ,336436 ,363636 ¹ 334336 ἶ
336363 ,, 337363 . 333363 333363 433636363 343343 μ
·333344 333644 ‚ 333444 333644 633644 336344
363933 443333 639333 837333 693333 336933

6 · 4836661 683666 899666 333666 393666
ι , , ϊναψ·-·η-υν·6-ηι-ιιη

 

