μιή-ηι-ιι-ι-ιιὺι-ι- , , -9
ι 79999 3 79799 3 79999 79999 99999 39793-

3361600co 9339999999 9399949999 9394999999 9499999999 49999993
399999 949499 999999 999999 999999 979999
479404 4099043.-.339404 349604 340004 330404

947604 469404 449904 494404 494004 440904,
799999 797999 978499 949999 949999 939999
446044 447044 944044 904044 499993 999993

44744444664440464463 447Τ463“””9’6ἶ”4ἶ6”“““4“6744“ῗ“““”“” 479934

9393999949 9499999949 9497939443
999494 999964 999994

6ψ9Η7Μ9
399994

474449 205849
444964 464464
x 399999 394999 476499 449999 449999 439939
*739999 994999 936999 999999 999999 699999 “

mmmm

*911321 943399 793799 7979993 799999 779349 .
6339070944 6394004944 999344 947744 940444 934944
999799 997399 6379994999 6399997399 6499999999 6499999799 ,
444446 444746 474449 447446 449446 444446
449444 499994 444444 407444 -·409444 444444

..amm-quum·-

707449 640646 444949 467046 460446 474446
999999 999994 793499 799999 7²0289
6444044444 444444 444444 999744 490444
993999 9333999999 937997979939397949399 9493949399

744694
6499934999

344499 979499 9394993 9994993 9994999 994499
””·’404944 ΜἮῌΙ 4ᾖᾶΓ46444Γ-ἙῙ374949

999999 739799 799349 693949 699399 633334
999479 446479 970479 944776 840476

634994999439339973993 9379939993 9399993993 9494999693

m ,mm-ffl—

999979 9339793 999979 993479

944476

999994 347494 449994 399994 440494
3 9499993993

999979 973374
499449 394949 349949 349349 340749 339999
. 944494 444494 404494 494494 449794
’777644 794444 664444 644044 949449
2 939999 379999* 999999 994999 9999993 374994

9349999999 9337939399 999399 994799 9999993· 377Τ33
, » 499444 494844 6373448444 6399444644 6403999994 9499937444
’ 494999 334493 497994 494499 999999

474446 440746 497449 444446 449934 453956

7339933 ⁶Zffiil....!3133⁵l 994993 999993 999993
392496 9999993 789999 794999 799999 773493
6444044764 4444943 446464 444464 444494 44 44793

447694

999944 6439949944 6374999944 9399993944 6496999444 9499999944

ιζ 379399 399999 993999 443744 949399 939399

3999993 ,497999 4939901 403699 499999 499999

999

 

444444 ’ - ’

