·'3

’8 490008 4990οΙ ,93360 1 30999

“ 'nnuman—*anunn—

ι 9460960000 9470090000 9460040000 9490090000 9300000000 939009

[0
19
λ9

939909 969409 939609 ,909609 900009 99099

499609 ’999909 999909 909409 900009 99

999404 996904 999904 909604. 900004 21
336696 mm< 436496 409996 400096 49069

4

:5 ¹ 636093 367093 ’336993 309093 43000931 399093

³· 'ou-*ua ...οι-*Μ

61 733936 666436 637636 606636 600036 69993

. 7 854449 789849 737949· 708649 700049

⁸ 998004 885264! 866864 806464 600064 999

“ 9 9469099669 964669 996469 909969 900069

90 939900 9479064900 9469036900 9499006900 930900090019399099999

“ ’991 939399 963399 933799 9079991 900999 999399
,19

409996

· ¹5 307993

20 Ξ,414001,47,0799429114-3-9-4939400949900640

98 , 747436 660636 633636 607036 600936 “ 69343
97 . 646669 760069 7634694 7069691 700999 79369
,66 949994 999994 699994 906994 900994 999999
¹⁹ mmm 978961 931761 90656089309888888199998844888
Μ

“ -99 943649 977649 9390491 906949 900449 99464ἱ
99( 349364 . 977964 9396 0. . 906064 ¹ 900464 9944
  ,93 ,449999 maban} ,303999 300399 69999

94 «149376, 430976 403776 400376 ι 496196
93 - 40693 Ι-373693 330693 3036931 3006931” 39601
ff 739676 6730761 630976 603476 600676 499970
07 ·83‘9129. 774529 7²99²9 705329 700729 79699
96 999994 999994, ,999994 909994 900994 966
’99 4469699649 999449 999049 909049 900949 9966
{q ,936900 947307990 9463096900 9493004900 9303000900193966640

*Β

’31 9369648, 979369 J 996369 904769 900969 ’997961
Ἴ θῆαι Μῖνι Ι996994 904694 moui 999461
46 464686 679669 699669. 304469 309069 39966

41

. 34 6689907- 470766 497336, 404336 409936 49111
, 87 ’0686671 '570225 -5272251 304993 309993 394991
996, 999496 993936 990399 ’904099 909999 9999
67, 1 899969 769969 796369 703369 709369 79696,
,8 969644 866644. 696944 · 606844 609444
“ 69 6404060699 966999 993999 - 903799 909399 99999

40 s 999600 9474067600 946409360019494003600 9304009600 9394094608

 

