*somn-W! 9076οΙ 40800 40900

· 9,04ἷ60000 940040000 946460000 9404964066 9486400066 94408700
’6

000800 407007 400000 770407 707600 ,8778070
0100404 770004 400404 670604 760064 ’7776 ¹
³42409 477669 747669 674069 604669 997469
40321⁶ 494076 ,604876 747676 886476 947077706

444004 666004 797004 948004 0090074

707676 878476 9496069676 -.

788449 979849 677049 040647

· , 646464 849664 987064 770864 794464
, 961707080 970887 944040687 094487 466077 ,

00 768000 860000 9707001 004000 046000 478790

eumn-‘'⁸⁸⁶¹''

*···—*···* 6

. . 00 808900 907707 947044407 064407 477707 486777·
0 0 70 889744 986744 694744 006944 779744 777744

00 476769 977047069 777769 088769 446969 677767 0

74 704000076 764796. 676996 749796 760796 677796 ,
747 070004 7640047 078004 4070047 464007 747004

777676 6666761 779476 470676 607676 797676 ·
794889 087089 400689 774089 687489 860879
074704 746704 467964 797764 749704 460704 ,
767766 409766 768667 646967 800767 974767 ,
8764001 470400 ’764400 778406 870400 946046400·
77 477047 777447 647647 779847 904040 000000·
77 498684 796484 706884 846684 997684 770084.
776969 6777094 766769 966769 976677709 077909

.74 409776 774776 669770 964776 778976 097776
44 680607 774607 890607 9440076ος 080604 ,477604,’

44 740476 8466767 940876 087076 242226J41545ss'⁴
. 7 860709 897769 976677669 · 048769 767969 ,479700
· 07. ’867084 978764 674764 669984 767784 747784
· 09 944047 970679847 777640 077447 ’ .
. 30 ,994900 080900 ,796900 ’440900 ·

31 979044767, 0,.47960Ι 048067 494460 · ’

, 47 700704 ’;067604 ,.079464’ 477664, , “
·.. 47. 067489 664689 ,786669 777669 .
44 . 048746 404076 447946 778776 ,

t 74 089004 486004 4040047 640007 797004 ,974007

44 440096 447696 764496 7066961 878896 7077046096
, 7 400777 708769 mm& 767769 906769 697969
68 4:⁵42& 5⁶4.4 660644 874644 980044 7798 .

. 39 440700 670447 748807 8860,οι 977044907 000700

,49 4946007 697600 8096007 947600 004600 084600

 

