21 ἶ999Ἲ96742 27 4772242 2777227242 7787229442 2997277647 7999967743
439674 724224 797474 777774 79999772
828929 492929 297979 ’777779 746777
626976 492776 ⁴ ’786976 797776 7767
727627 722627 4776271 799627 727627

764676 479776 42727
677727 76922 72472
, 742724 672324 79772
² 272242 747647 77747

97 “ 977767 777967 777767 7997999967 976767 2
77 469824 826224 292624 ’ 999974 7997979474

3³ 998789 ,424889 797489 778979 794689799794228
74 646786 898886 882876 777796 797996 7727

788228 892228 469228 7667791- ’787779 779777

76 727696 ,672296 ’477474
77 722269 969769 944979
22 2977222644 ,272244 777744 777444 37799

69 969666 «846822 624722 777977. 649777 978777
4⁰ '¹7'⁷*⁶⁰⁰¹⁹⁶⁶⁰35⁶00 923699Ὶ 877699 779699 667699

7 ’996987 ,774787 7979997487 ’ mmm

272 774764 ,222964 292964 929764 922264 22626
47 ,447249 Ι722649 222249 2974277749 997449 92692
144 977976 ,799776 769776 767976 7997976779 799797777
49 679979 479979 798977 797979 776979 228928

1· ''7085¹6”'”'5⁶771⁶' 446976 746776 mm
11 797999 676499 777729 477299 774699

” 49

99

873724 747224 624724 924724 443994
974997 977897 777697 677477 977797
7997967999 977999 , 897799 7979991 677999 628

mma—ww
9711 97997 2967977797 797497 797697 777997 797977
72 279724 297924. 97232 asom 801104 χ7427
99· 778999 788699 7976969799 9697799 999499 872928
94 476976 277986 798776 7989998976 979776 979826
88 898928 86928 247927 248279 7994969977 7997979222

767 mmm*

997776 474736 777936 277276 777772 27977

2
77 622249 747449 424249 776449 247949 77727
72 779764 672264 Ι727764 427764 779974 7773
99 899987 779887 697687 994477 476777, 7672161

69 947699 8296991 697699 9976991 979699 4976.

 

