ΉΙ *92280 Ι 97766 Ι 97466 Ι 92500 Ι 97666 Ι· ·97766 ·

,6977497777 8530554321 6449676774 6967996777 946666977 667747
47 44 ,744444 221'444 749 ι9444ῘῖΙ 444444Γ7444

44444 44744 444744 44444
649696 647776 496” 997796 6466699696

45155 97 46·
5 676996 6669796697.

³²²5 ²932²5 775255 77 777 -667749 74776·

4 4447444774 4774447 444 5 444774 -·44744 47474.
67 799749 667649 6996746449 669469 6667774449 7¹⁶²⁸¹
4 46444 447444 744444 474444 747777 44444
ᾗς66767 666467 767 777967 6669679767 943581 880858738·¹
777966 77 966· 76696 · 764966 7769644 474704

Ι74·· 447444· 4444444 444444 4444441 44444 44444 .
74 4444444444 444444 4774474744 477444 4747444444 44444
73 766779 777779 . 799779. 766779 764979 67997
74 444474 444474 446474 444474 474474 444744747
Ι76 679677 6647746677 825825 6776796677 855825 46667

’ ’ 474 444774 444474 744774 444474· 45517

6474644779 976779 999979 766979 8599 676749 6747
78 ἢ449464 694464 4677764444 666664 9211888 76774
79 “ 413841 679644 365441 875241 797647 947646
80 4 4444444444444444

550400 8571058400 947666 6666776766·

81·· 746964 ¹249185 744381.241585¹ ’767767 ...77796
82 447444 477444 444744 444744 947474· 4447
83 '⁸5¹⁶152089 444444 4647444444 647444 4796474444 444444
84 474444 803456 444444 747476· 747446 47444
85 977779 988225 967779 969777 46646ς6779

44’ 744774 4444474444 44444444744477441 ..444444 ..md
47 444444 747744 447444 444744 774444 44774
48 8647074644 644644 6664464446 667744 6694066644’ 444
641779977 777777 219121 777977· 776777 797776
9οΙ  444766 977766 466766 966766 496766 944766
”mmm-m

5281684 776464 476464 666664 799769

447444 444444 44444· 447444 44444 7444
§85¹⁸ 444464 667434 8666444446 648646 6694477666 74646Ι
387025 676677 779677 677679 967677 97767

’ 977676 6997676474 976676 9994679476 746476 767799767
774444 444444 444444 444444 mi :3355 .
9985 Qt¹ff19?gzggss 977767 674666 obt ’ 474667 6497764667 679467 ‘

 

