·81899679499 8976684981994664799 999684997199479899919997949999 .
64 799644 741444 749844 746444 788644 551 ;
66 798769 781969 789969 994969 949999 9999·

· , 898496 841496 844696 866896, 999696 99949 ,9
ἶ67. 998999 961449 9644499 917449 979999 9999949941·

*ᾤ’-ΜΨ·- -mfi-u- 1·

66 977996 9691968 964896 967996 916696796 9999988.

.7 899947689 8988699989 9884994489 9988947889 999989 874689’, ,
68 ,997494 989994 984694 998994 849894 1 999494

·9 , 897869 846969 844768 868468 999469. 976869

70 996999 899999 994969 988996 979999 44,69698 ,

9 976649 9668491 964948 489849 444449 497649 9
74 996984 816784 849989 849984 898984 498984 ἑ
78 896668 866769 868869 469969 ’484849 9899991
74 , 499876 446676 447476 476176 919676 879876 :-
79 9.8 8196198 966649 ’6969 25' 9966498 575625 mag-Q 1

76. 979976 ’ἶ66976 969776 9969761696976, 7618761
77 , 649989 699489 694999 649499 696799·Ι ’768999
. 694884. 689484 686984 798684 787944 ⁸ “
78 784641 746461 746141 771641 817849. ’888648 ‚.
89 8944961 - 899499 8.96499 8494991878499 2

874868 8668611 8664681 891768 948968 9946994968,

898689 989489 988889 998994489 987669989 99668961

99 999994, 9468441 946 744, 9881441 8999141 669944

984994 500225 99799 ’, 844994 94499ςῖ ¹
'⁰' 994996 166196 16789 194996 449796Ι 105995?

171 844769 999869 9974611896449 499489· 349759}

888994

, 999944 786844 487744 819844 861944,
Ι,886866 846161 847866 8787618 418988 2
ι’ , ’,499999- 4699961 4989991 446 866 4849999·

9 479819 4666618 468489 496411 944689
,ι 9916641946664,948464; 996864 5052542
6688188 6ἓὲἷὲ 82ἓῖἷὲι 1ζῖἶὲ 66188· ,
· ’ 5 700025' 76999417489991 ’ ,
6 779886 76969Γ769986 798496 847686 986896 ’1.
9 ·8966691,.1.666169 8494698 898669, ,961169 977699
81Ῐ1886464 8,89664 889664 ’1, 999994, ’9688644949144041
‘'9502015940001? 949869 979698 918689 68 99 9991

ι ’ '¹
· 6 Ι Ι Q
ι ι 18 -Ιι ο ⁸¹ Ofi- ι
ι

 

 

