, 4

1144699·

4 4777776449

¹ 7 , 779664.

· .. 783329
806976

,Α 87477,6
ι 5 877979
· 964744
,977747
9489009

, 4477766
, 7771 667477
⁸ ,09089 96

744769
99 9

767974
408 7876009,

47 *209281
42 474964

9, 44 476647

444 780776
47 464647

499 447746
774469
¹ 46] 777464

399 796807
477700

§mn-n·-

= 5¹ 446707

74 467964
74 494669
74 777446

, ’ 77 747077 -9770779- 799099,, 744077

4 mm* m
4 766 ,764746 747746 747476

¹ 77 96644 969649 774449,

, 6444, 4 997767 4 4454442

‘ 79 6777464 4446476749 449479

4⁹¹9⁶9

Ι767447

746464
774749
776776,“

474664 ,
,477949-
464776 ’·

467677 .
479476, 674676
243329
677784

8  096847

774900 770900

277184
301041

¹ “W-um

444225·

468096
669467
847844

689764-
767600

937521

98ῴ87
64446, 7476449764
,677447 647647

679446 ,677946
687077 087077

706976 706776.
780309 680809,
784704 884804
777407
70770

7786 07

8077009

876407 776607
680709
474669

870704
874608
4 498976

898776

746978647

648769, ’

’ 7

4477774444

, 77900 8 77000 9 77700 9 77700 9· 77700

mm

747770747 944704447 777807047

946864 877464 , 474674

967779 ,
974476

6006779747077677·

. 664447 ,477749
,9 40884 84 747984

444644. 746444
, 776900 777900

767767 797767

¹85424
709689
447976
478777*

646789
670776
677447

466767 744469

³5532¹ 793121

677874 ·

954429
97978 ·

“477004749

078900
074767

764887 ’

777776 Ι
777777

707769’ ’

968444 836044 768644 776744 .

770977

967600 779600 877600 777600

W

408886 847087
478764 866764
474447 474647
476776 747776
707077 940077

777776 964776
747667 969667
878904 680048804
798707 078007
677700 067700

446401“'''848001
677404

777704
697469

446669
779776 760776

688068

764446 467776
444647

778764

774647
876964
844787 787087
.7676009 704 400

700787
444764
749649
774776
479647

447746 .·

444467,

477464 ,

497606
777700

747707
876904

796669
677776

646077

676776 .

677447
770464

744887
769600

m

 

