. , , x

66666 »66666 66666 6 ,666661 66666166666 .

W

666666 666666 666666 666664 644664 666464 ,

66666666666 · 666666 · 666666 · 66666 · 666666 666666
³ -1491362975047936 ,· 666666 666666 666666 , 66666
· 666666 · ’ 666666 6666666666 6666666666 674666 · Ι666666 -

66 mm

461 666666 666666 666666 .6646666666666666664966666
46 666666χ 466666 666666 666666. 666666 666666-
66 666666· 666666· 666666· 666666 6666661666666

146 666666 2 666466, - 666666 · 466666 466666 , 666666
160 666666 6 6666661 666666 666666 666666 666666

611 ι76666446Ι ι774766666667666666666661666066 6667666666 6666666666 ·
4

m

661 666466 666666 666666 666666 6 666666 666466 4
52 6666066666 · 666666 66666661 666606 ’ 666606 ⁵ 666666
66 . 666666 6666666666 666666 666666 666606 666666
64 Χ666666 “ 666666 6966666666 6696666666 666666 646666

66 · 646666 2 646666 666066 66666616666666666 6666666666

66 666666 666666 ·· 666666 6666661 666666 666666

6 -666666 666666 ·666666 ’666666 ’666666 666666 υ ,

69 766666 ’ 664466 666666 . 646666 666666 466666
6 666666 666660 666666 6666661 , 666666 666666

m

ww - 666666

166 s 466666 ·. ,666666 676666 669666 Ἀ 660666 666666
6

16
166 6666666666666666 666666 666666 666666 ’ 666666 ’-
06 ’666666 666666 6666666666 666666 ·· 666666 666666
3⁶ 667666 ,666666 666666 6666666666 6666666466 4666646666
166 2 466666 666666 N 6666661 666666 168225 ¹51225
66 666666· 666666 666666 ·· 666666 666666 666666
167 16666666 666666 666666 -666666 666666 666666
66 666666 - 666666 666666 666666 666666 666664
466 666666 666666 666666 646666 666666 666666
0 960900, 884 00 6062601 766600 666606 666966

6 666664 6976666664 6969667684 976664 936384 1 9²0784 ·,

6 666666 · 666666 666666 6666666666 6666666666 6666666666
64 466666 666466 646666 666076 666670 640676
166 666666 4666661’ 666666 ’ 666666 666666 ’ 666666

⁴ m

66 664666 ’666666 ·666666 666666 666666 666666
66 666666 ’666666 666666 . 666666 666666 666666
66 666666 mou 666666 666666 666666 666666 ·
166

no

716666666666 66666ῗ”“666666 666666 666666 now
6

666446 666646 696646 768646 . 704046 690641 .

6666666466 966460 666466 646460 6644661 666466, =

 

