8¹9¹⁶1⁶4¹

.· 773334

776779
333376
390077

447376
. 303339
707734
679047
676900

76
77
73
39
301

97
33
34’
33

797474
343339
907970
903777

973734 707034
777070779 707379
063770 ‚ 377976

-374397347 370670047
1 330677

777677

, 739070 , 993476

997979
097934 737093734

999447 777747
477900 763900

470967 776967
. 99974 774774
737739 347339
747770 399770
700225 457225

740779

m*

337070490
. 077709
337044
797977
749600

,30
37
3

, 39
4ο

mmm

41 306881
3⁶4¹⁶4
4²1449
47 6730
996077

43
43
44
43

777090
377769

774790
777709
777044 070744
990777 637977
9370001 743600

376047037
707764
730049

x 777730
373033

393037
360964
333049
976336
397094077

ffl-w-*m

ι 793770
670609
,707904

4 “ 767707

40
⁶7
48
961 377700

11

7711

370307

994409
977077776

-0 700330
779649

, , ,700904
99 993737

997600’ 79760

mm

7090771

337770
790009

447304 2073041

707007 ’ 764307

997700 977700 707700 907700

930707
437304
493609

677304
733003
1 792516
370077 6

907730 « 003770
1 7070491 770449

3 630007

607033364 734764
343337
Α· 399600

030037

mnam-⁴*

3704747471747777447
477074 470434·
. 339939 334349
’397736
1677677

090334
749779
390770 707370
4706771 769679 ,

mm

7794761 703676
777979 700779
’ 639334 634734
. 337047 ’037347

,373377
337779
440334

997007767
060674
773439
776976

, 794779
797096
349909
407344

467777
¹ 7796001

377074
937039
973770
343033733

67347, “
797633
, 739970
343779

747309 90470
707444· 3490770 ,
769777 037977“

977600 799609 -

Μ..

7374373

779037
0393041

437764
495849

773970
677077

- 097749
· 777730

mm ' 377770

¹ ,477777

930704 736304
393044607 · 344407 ⁸ 664707-

’, 777700 ’

773904 344073704

’ 776709 076309
434970

· 799077

449930 777730
som] 309749

· 399704
· 397409
x - 977770
370074039 ᾖ

077370
‘ 790649,

760407 960607*

707704 307704
077037 477433

63760 ’147181

439600

 

“mv-ss

” 493647 ;
944900 7409001 “ ,770900 Α

039796 906496 '

797337 ι
334449 “x · “

007904 1

733934 ’ ζ’
907600 -

