ΙΙ 76600 Ι 76700 Ι 76800 Ι 76906 Ι 77000 Ι ,π

91717796411886111841 9961466641 9916146141 5932234441 5947648645
’,, 911884 861184 619684 994084 188484 161884
1871614119 418769 771819 1947147189Ιζ141114 997119

1 887376· 111176-116976 101776 ⁶9⁶57⁶594w¹57⁶
¹ 111611 11161111111116111 411111 17111,

“We-¹·-

’179116 ’114116 6194161911164176

. ,6141114 111114 311,
.·. - 6911411918671641

919161 646361 1963661961 ,Ι
Ι 461414 111114 116114 6 ,.

,116-611. 111111 111111 6164111114111111·

,6769116 1811111711 461116 141116 1171114

9111, 166114 617119

6,,,,1,,1 ,1,1,1 1111161111141116, 141,116”’., ’6,11491
1.,191, 111161 114161 111161 611161111111111,
’393644 7116441994678144 16844 1114411716,
93611 874111.11118 97886791007181. 419311
,6176619889617 7616 18100 768600 - 161666 Ι,

6111641111171164.’469114 ’ mm ¹
1114141441 411141 ’614641 111141 611141111114144,

, 302736 ,4,,,1ς961116,,6 171116 711116,116716.
154013 1111111 111111 ,111111

669916 941116 ,917716 686916 593⁶⁰⁸⁶¹¹⁶50551
61619 9191161669 461499 ,, 149919ἰ .
²55504 611164 994794 194804 813504·

768111 19111486 61 94941, mm

375801 7161619966676111 416401 816611 - 176191
919164 869104 889994 6168041987616 04 · 4111 ”
111411 7111111111 111611 11 ,. 1 ,.

139716 178116 97Ι ‘ . . J
91111, 111111 1 ν

11191,- 6111161111141116

 

