We 9 844669 843669 84466 9 84366

1 6 67446ῐᾶ1ἶ6740416666 6736846666 6773496666 6789766666 68664366669
91 164661 3744616737664461 484611 944861 413661

94 348664 738464 168864 619464 6796189614 Ι3866..

98 499009 901009 333209 783809 ι64409 7466109Ι

4 6366166741666816 497616 948416 419416 316616Ι

..g—*Q 431643 664643 6774113643 3846436867673643,1

, 6 'mmm-'⁸'
97
9 8

n

6711141149 111441 911149 444449 911641 411149
314664 7436646738133464 6668646791678464 376663

6461666744634166 ’484166 936166, 468166 966166

lffi-ffl ——uaa--S--m— -ι--ι-ω--ι--α--κ--Ηὰ--ν-

9,ιι 864141. 416341 6483416773166741 3749416868663141
911 . 968144 181144 814944 461144 711144 116144 ’
116716111169 144161 171161 411969 111161 111169 ·
14 416116 711916 6719141796 114196 6191161196 161116

9 984636 393436 846486 477636 748836 446636, ’

476681 887881 319681 771481 443481 ,788681 -

13 46-0-*225 ’873443 366443 739443 181118 718116 ’

911116 197116 191116

11 788189 461689 633689 6776688489 86166161869133189ι

¹⁸ 161111 161944 719144 411144 116744 411114

19 67171111 336161 963961 417761· 891361 383361, ·9
10 180400 694466 6766148466 384466 6793636466 336466

’.ἶ-’444441 8386411 494841 747641 441441 7134411
668484 6744644884 487484 911684 386684 881484
771819 187149 641749 6777676349 336949 6816643349

:23
²4
25
46
17
,381

{2 946966 336966 7749166 448966 764966 466966

31674968496191193411619 987161 39336198697619 363961

ι999 916176 131176 711176 141176 711176 111176
6748166643 313643 936643 463643 886643 373643
164676 671176 6761111176 171176 6194141476 14167
[ 448749 844149 479349 734949 416349 763749 ’

34 449644 663444 6764161844 33844467 93634644 331644
11 ’418069 849689 466489 7441889 199489 636983
944 171116 111116 411716 117116 16411
3¹5 74144336746138443 3934436779634443 3494436814646443

80 998196 344496 739696 ⁴ 416896 694696 ,19,ι496

8111646148619114 ¹44'1984 ⁸99584 375184 811784·’
736841 174641 6684416718664441. 34694168116338419,

86113 .
9 .

17 67111911 446769 914161 111161 111169 1’16161·9.“

. 8 111444 631644 6763688644 346444 6796643844 8414449·
199 897111,Ι 813341 433141 ’9 ’716941 188741 686341
99 601000 9796009 41ζ7666 1 816666 333666 831666

99 W

88939

 

