’1196696 1 96966 99664 4946411. 994661 99966 ,
9414444944444 4449946964 4949944964 4999496964 9944996964 499666446 ' ·
’111 11111111 5⁹⁶³* *⁰²⁷²* 9999944949999994 94999

¹ ’99949 999999 999999 999999 999999 ’99949
111149146414491 6964491699449, 4⁶4²25 944449 .

,11999999 999999. 999999 949999 999999 99999 .
¹ 999999 999999 999999 999999 499999· 494999 -,
999944 9999994944 999944 999944 949944 4949
‘354321 444444 949944 777721 649944
961 4944661· 446466 4946646966 696 966 96446

99 509885 496664 466464 9444641 964694

94· 969664 996664 944464 4996644664 964464 ·

99 999449 494949 999949 999949 5³⁹545' 99944
94 · 949999 999999 949999 999999 9944999499 999999
99· 999999 999999 499999 449649 999999 999999 ’

494449 446449 999499 9949999999999999 , ’·

499999 ·

9611 996946 696646 499446 946446 4796464994644646 ¹·

9 999999 999999 999499Ἰ 494999 994499 999999

9614949694464 944664 691664 469464, 994664 46446
991 494464 944664 731801 964664 44464 ·464464 ¹
’ Ι1 994991 999991 999991 999991 999441 94444-

W

0 masma 4 966466666 49966966614944646666 4194646666 1

5 496964 949664. 449464 469464 499664 669669
4“ 999694 466664 941464 446664 499464 ·‚ 469664
5 999499 499999 991999 999999 999999 949499 ’

...649446 496616 496696 469646 496446 ’449446
91 994999 949999 999999 46964

Γῐῆῐξῖᾝὶὃῖω 999999

, ’ 999949 999949 944449
·’ 999494 111111 999994

494649 499999

446944 49944414969694344 996999. 999799 167944
14 969944 999944 44694 ι9919949944 999944 964944
944999 499499 Ι1999. 99949999999949999999949999
499999 999999 9999 444999 994999 449499
949999 499999 949999 999999 994999 961949

Ἧΰ 999999 969696
999499 99999 449999 999499 469449

 

1‘52'.5555⁶'1-··21515⁶1-⁶⁶55⁶1·”⁸⁹⁶¹ 999999 999999

46 946466 850400¹ 944466 696466 644466 66666
“““ 64

 

999944 949994 999994 499494 449944 ., ’

