ΤΜΡἽΜΝἫἫΙ 61499· ,619977

*hanah-...5-

61117114417111174966791111711919111 1761171111 1777444111 9719771711,
61 167144 -.799144171’1911644 191944 177444 179144
61 619169 911169 111119 ·· 417769 799167 7794199191 ·
64 1179961741974196 177696 949496 719196 716996
61 914111 -117111 499111 ‚Q 946111 ..iffi-³

*mn—¹¹⁶⁸*-

661719916116 1791161 111716 -7119161771969116 171116
67 176489 491119 649119, 991619 191919 499419
66 7996141 914114 7671147766971414 · 719914 616614
69 411761 646961 199761 194161. 477961 7747961
70 ’944999 - ’7619999794911999 176999 969999 164996

Μ

mmm-*w
7111 667941 191141 111441 199641 611141 911941 “ “
711 7191141741911114 117914 111714 Ι1917141791711717
71 911119- 111919 119119 641119 919719 114119 -
74 1711911474 171176- 191971 7671761779911676 117476
179 199619 799619· 619679 69961971 1796111.419619

111111 7471 7111 , 171 77117111
79 ’ 644641 87004'13755115841 181641. 667441 , 977141

79 JQLAEQ ’ 111499 194499 7994991791991499
497 97196111741114761 969961 ,617161 ,917461 119961.
117777919714 117114 411114 7499141719916114 141714 .
83 771119 119419 666969 171619 · 119119 . 461113
14 1119161 41616 711616 991416 111116, 11191,
95 377225 ¹ 6 119 191119 7761111111 469119 711119

..μ-Μ

1177 499196 716196. 971796 149799
171 611169 141969 1716996169 117747
111 747714 971144 mg} 4⁸⁶544 ,

191 ’ 1619111744991711
9011 91111991 116190 4641

’419114 799164 977194 1919441977717  

111149 1111491767199449 111149 697641
,706616 996416 119196 911996 , 9799741

96 599025 8280253757077025 146919 6999191 944025
ΜΝ ’ 46661ΞῙ “- ,711916199496711 ·

191464
164649
476176

91
91

91111711179111ι mmmm,

97 ““ 6414091746071199 711199 99169 mom). γ ¹ .
91 966604 191114 444104 717446419119946979 1
99 1711067601 617606 167401 117191 117991 416691

 

