9460'0· -94700 94800 94900 930001 93000

,²¹ 8933033640 89000608408990000040 9009996040 9008990440904300363
00 300884 ,, 030084 000684 9000086084 9909080484 09301
25

,00000 -0446009- 900009 -000909 006009 0606
,060006 606006 -096906 060006. 966006 0000
890603 -803603Ι 0806031 033603 030603 06360

*ΜΨ-Μ

“ ,06 0934609606 0903600606 906006 ’940406 946606 0090

00 069009 004309, 8990039909 9000033309 9030030009 90490460

“. ²8 458184, ,- 393934 · 349884 mm ¹ 320784 ³1⁶³

χΙ

09 640640- 060440 009040. 000640. 300040 3004
30 836900 000900 0089001 004900 000900 0063

30 8933006060 960360 “ 908360 894060 , 8909601 9030
30, - 003404 3934030804 8993008004 9000084604 9030080004 90300900
33 . 404689 ·’ 340089 .090889 004489 000089 0806
04 090906 006006 400006 464006 Ι460006 4000,
33 0830031 000003 600003 ,634003 ,630003 66800

06 900496 969696 066096 . 044696 840096 ,0064
³⁷ 6906060069 6900699469 8994606069 9600600969 9600000069 96000466
38 3514 088644 046044, 003844 000444 03366

89 540321 478121 ·*43592¹ 433721 400300 40930

³⁴ .· 0 009600 660600 603600 603606 600600 60966

m

40 ¹ 988880 830080 803080Ι 798480 090680· 80901
40 3930008064 8906046364 3993004964 Ι983364 ’ 980064 9030006066
40 090449 006649 ’094649 9604000049 9033000849 Ι00661

406006 4400006 004006 060006 ²

..Μ-1

1
2 06
001 , · - ¹ ⁸
1 1 30 8933000004 940304 880004
, - 001 096469 6900000669 6990690669 9606600009 96006000691060400 x
= · ,54 ,309006 300306 081306 060006 ,060906 085
00 0696001 006600 400600γ 400600 ’400600

‚5⁶

000006 699006 666006 ,6409060 640006

30 940649 889649 606449 600649 800049 ¹5⁴
30 0966006964 8909600064 6996646064 9600600064 9606600064 9600
59 068080 009880 000680 003480 2³5²

60 mm -430600 ,0409600 ,’ 400600 ” - ’403600 466

000666

 

