7

mmm—ffl-

’ 9914676696449 6496646491696698849 649944649 646977749 699499449
4466494 994884 949994 999694 979684 979469

4 999999 969999- 999799 994999 999999 ’499999

- 479776- 474979

99
94 .

94 999976 999976 996976 ι994979
{EM-— {Q ..ξ-696991· 9996991 999699 4996991 999699

ww

96 466676 499876 499976 466976 489476 976676 ,
97 999799 966999 499999 496999 999999 697799 ,
99 499794 496994 499994 997994 .·999994, 6797949
99 . 499849· 466649 , 499449 499949 644649 799949
46 466966 4969664 . 4499664 ,669966 6849-69 799999 9

⁵¹1 5509⁶¹l 667964 6099694 6999694 mmm

Ι 47 669694 697474 “694894 796994 796694 89469
, ³2¹ „ 699999 66769 · 794999, 796999 997499, 994999
5

9 799996 797996 794796 999449 999449 694949
8 751225 7⁶82²5 805225 8699791 949979 649646999

*ww-”ww

46 869796, 98984966 894696 999896. 996696 687996
97 999969 999769 ,996969 969969 647649969 999999
49 969444 999644 996644 649694944 699944 989444
44 949499 969499 6976997999 664999 , 949799 946999
46 697669666 Ι649699666 647666 999666 994666- 999666

49

49 ¹
4³ 999949 999949 967649 946949 ’ ¹
49 999996 799796 x 999996 999996 997996

44 999694 979679 496694 469694 449694 -447694

‘mm—W

461 469996 479496 ’ 4669964 499796 499996 499996
47 · 999999 ’979699 499999 479499 949999 649999 4
4 467464 479964, 469464 499964 666764.’ 766464;
44 499469 477969 499669 979869 649669 749469
50 467466 979966 469966 697466 ’ 769466 869496 9

5¹! · 949669 477869 694669 674969 744469 844669
494 66976 , 699964 669994 799994 994994 994794
e 441 649969 679499 794999 774699 9449169 644969 ’4
44 769996 774796 764496 ’894496 466996 694666996 4

,99 799999 774999 999999 976999 447694 058025'

9 -κ--ι--ι-ι--ι--ψῶα
,,961· 999996 994996· 969996 996796 6499967949· 964949
97 999949 974649. 996949 977449 ’649999 966949
99 999964 994964 966964 649999964 999764 999499
99 999499 979999 6999979999 679999 966999 969999

4ο 678664666 694699666 667666 ’999666 799666. 494696

 

