99 988699 989699 999999 997999 99799 9 99799

967 9777479767 9797999967 9977944767 999 9979767 9976776967 9676769767
649944 436324 2427249837069124 915524 786964
647699 694999 449899 967499 9977774999 9696696* ’
74979947476 9779769 ,967976 467976 9796769977779476

243225 97980304489 837877 66 4877 7777779 ,978777

449996 996796 9676977796 967796 799796 776996
698769 476769 74 4769 9888969969 998469 777769
99 ’976744 694744 ’497744 979944 9879796944 974744

899779034321 ’844144 648944 457721 3055219878173321
99 77779919799999799 878799 6767999 494799 4777996

979 4798899 77898799899976787 &ww

677

979 677664 476964 774464 9849977864 997764 769684

97 977449 674949 499649 97794999679999649 966646 ,
94 9789999776 9979767996 ,
97 777977 9869979977 879977 648977 4979779 466977

969 48876 7989769879977776 846476 699846 764876. ,, -

97 ,69669 496999, 977499 9949944999ΐ· 744799 769699 “

96 74494 694994 477694 747494 9869997894 ’967494

99 9787977797 897997 677897 447697 797497 9889767797, ·
6ΙΙ ”’“””’“6994691 997999 996997 99799Τῗ447779 ouh—900 ’

Wm-q-—n—-t--t

9 9889469999 9999779999 ’9979769999 994009W 9989979999 . ’

·877946 679846 449646 798446

648994. 779464 499994 479794 499694
847999 777699 699999 978899 769499
4 9887777776 9997946976 976876 887676 848476 8'09216

999 474977 747977 9977776977 9947987977 991038025Q

wt 7774769 4774749 997699 749897

2 777694

7- 7788979 449997 479797 .·.289401··239601 799897

¹ 7 77764 649949 77444 497949 497749 497647
8 979464 949964- 777664 667964 644864 498464
9 9887749787 9997947987 977887 884687 876487 808281

10 7487999 74979999977777799 9947984799 ’9967946799 9987998799

μ 746977 4497779 477897 787777 787777 797977 ··
77 747744 699744 779744 499744 497944 497744
79 944769 977769 749769 994767 474969 767444
974 4797747796 9997676796 949999 797776 994796 997796
,ιςι 749977 797797 799774947719949997997 996799477719977997997 ’

m 494976 747476 969676 977776 997976
17 779999 697799 746699 499977 479499 496779
78 996794 977974 747994 679794 677794 696794
19 9884747767 9994947467 947767 878967 ’847767 896 67
20 776499 976499 9994744499 9944979 00 49649774991999499 49

' 8

 

