61 894449994
69 446444
⁶555 5⁶75⁶55

64 694896
64 689999
.· 5⁶5 9999961
69 996999Ι
68 894994
169 948964
76 968966

': 74 999696944
“ 7545 689984

75 ⁴ 140929
’74 498976
4 944694

‘'7'’1'515576
370329
949684
489644
944466

. 75

” ,7

843.. , ’999964
994 699444
94. 94 89

77 8·5⁶

899994

‘'mmm—noman·—

' 89 886996
87 949969

88 999664944
. 99 698744
90 . 446466

94 173451

‚25 446
5⁹3
’ g94

949696

. ’96 466446

. 97 867809

499999

749966

770446
867964

848666694
0984961 899976

. 479984

949964 -

444464 898361
469944 469944 „⁶344
999994 '‘²⁷⁶⁸’5⁸400 0015322'55

488449 89969684

- 944964

W

’.Ι99999“9“““98999““Γ” 99966 5 99966 5 99466
8474944949 832957321

8999999441944944794 94649496
355555 5550150445 999444 469944 422254

367696

674769 999969 697969 496969
496496 9.,4999 946696 998896
188225W 974994 .774994Ι 49794

894996 699996
809689 697699 896499 74999
3⁶¹4²45 444694 948694 779ιῂ

4849969
940469

999944
699964

4489861899699446

469666 969964 849666764 9946
476900 466966 664966 nnc

5³4⁶4¹¹ 949944 449644 949444
994984 375755 494484 89466999
494949 499849

680669 66796
494696 499476

969996
969649

885529
948076 49966

899649 486649

m·-

99996
297525

55062

668 976
666499
794484
989444
846466

449996
476969
996684 99966
588245 414041
646466 479466

764464 496764
7⁶27555 989444

884499
988884
996644
894094400

449949

996844
488466

996889 647489
999696 969496
999449 964449

’ ²⁸545⁶ 072256

996449 949449 440445

466996
455765
{5515 6799
6944667 420100

689889 478081
949664 „⁶0⁶4
969449 994649 464649 231255
⁸⁶³²3⁶ 649696 466896 9899
9²¹⁰²5⁸ 746694 449694 3450„
976666 768646 477946
894646669

094404

699796
694469
748944
866494
864466

99468
5752655

999996 944986
8460899 69 889969
ι66744 8898

469944 999944

499496
946469

998466 849646466

486484 44448
844464 494964

0944861

969646

967969 4064“

 

