Η 19666 1 99700 1 19966 Ι 19966 1 20000 1 20¹0· s

...unp-mmm..-

999 999941961 991117961-999194161 999146961 469146961 467171961
’91 . 991914 917914 - · ³⁹3⁹² 190914

99 416419 ,Α 969699 ··999699 916119 116999

94 499196· -466696 979496· 966196 967696 999999
19 499119 4461191 411119 466119 469119 494119

mmm—w

99
16. 991996 419796 491996 446196 449996 ’“4“7”4”9”96ἱ
119 997969 919969 491969 496969 499969 914969, ¹
199 “ 617944 964944 ’ 594941 ·’1 5²0¹44 5²7744 555344,
99 696999 - 664999 ” 999991 966991 969991 «999999 ³ ·
,96 6969661 644966 699966 6661661 669166 696966 2 3
⁴9¹ 799991 699691 , 691991 646691 649191 696411 .
94 ’ 774964 719964 · 661664 - 696064 699464 996964
99 114149 761949 711449 ’716649 991649 997149,
94 999696 161496 791196 766696 761996 799696, ,
991 9996991 ,949699 9996991 966699 969699 999699 , 1
1
1

--........,..1

961 999496 991696 996916 946696 949916 ·9794164
97 999966 999969 996669 996669 999466 6199699
469 9191611164 966164 996464 916664 919664 9991644 ·
9911 696661 9996664619 976461 ..919661 966961 ’999669 z

Η 96966 1Ι 96966 1 96466 1” 96966 1 96666 1 96966 f

...— --n--n--n—

.= 6964611 196661 966969 999669 4699611 999461 , 1

196964 999964 . 941664 991664 449464 999964

3 169969 999966 991469 979669 499669· 694969 ·
969696 999496 Ι 999916 494696 994916 699696 . ·
949699 999699 964699 499699 966699

........................ 697619 ’·

991- 999499 449696 464196 4966961 667196 ,799496
7, 322849 974149 449649 ,997649 ’641449 7791491-
969964 , 494964 496464 , 999664 696664 911964 v
469691 499491 917191 619691 796991 969691’
¹ 4449661 4969661 969166 666966 979166 964966

·· *wa—*mm

,91 494999 996999 669991 961991 919999 945521
199 ,914944 977944 649744 741144 Ι994944 991944
13x 969969 617969 696969 719169 ,999969499699999
94 669796 691996 711996 114196 996996 699999 ·
199 646119 699119 971119· 9691191 971119 111225'

..κ-..- -α--ιιο-ο-ι--ι- a*

96 ” ’696696 799996 919696 -966196 4996994961 , ,199191 ;

97 ·717099 , 796469 999989 947689 666689 994696 ’

191 96791 111114 194744 911914 »169914 944994·’ ’
¹9 .669961 969961 999961, 491699961 149161· 996961

w· 941466 961466 ’9764661 676466 1994466 999466

 

