49

1811

49
90

,μ

5² f

93
94
99
96
,97
58
88

61

61
61
14

9

66
81
68
69

94
79
161
7
Ι8

3 9
50

ἯῙἼᾱῐι

*anfi-mmm M

18400 428 68 3

unua-...atm-

4699361 084736

911019 141019

978116 197116
634409 493609
696114 119911
⁴⁶7444014· 166101

8019004· 411900

944704- 939804

970819
787016916
081019

119116 760116
499449 816649
111164 111161
107481 919181
ω161600· 989600

419711 791041911
479844 098444
111169 114169
188096 110896

191419
641116

644119 167119

704049

811614 416114

868761 491961

141111 ·

’ - 609141

111116 111111
1164111 1111811

661584
717949

149416 114116

1096191 810619

Μ

161776 886976
817949 , 943349
374084 999684
411141 11411610
486400 111400

18100 *4—-W 18100

797554081

7²353⁶
780025
816916
893009

949904
798006001

...ῃ-..88666““Ῑ“” 181101
141 116117881111111881
1 111164 111164 611161·
Ι41 41984911101-14411 6611411

4
4

062500·

119001
179904
111009
188916’

149019 804006019’ 447025 43402 · ·

401916
4986491

944964
971081
617600

684111
111644

191169
891696
910119

799023289

111984
161111
419076
411611

111116
988749
641184
701841
798400

966116
0718441
116161.
191900 896900 ·

141441 ’

801111181
168964
111649
181116
439049

491116
911409
609104

669801 =

'233424

8081111481 814188686- 1· ,
947164 649704· 1
109004149 701849 ’

161116 119116

118025 817025' .

111809.

188764]
141611 ·
4019668.. 10190οῗ

..ια-1·-

111111 419411 111661 t “
889904· 916104 116704

892609‘ 971109 1798691
949316 610116 110916 : -

9181141 '

1141“1ἶ”1“’”’“87411“6
'- '· · 431209 ‘

811141111 1

'anun-*W-

141116 1411161
111419 800141 5⁰22494.
116164 817161 119161
914681 616489

061716

111881

189600- 971600 671690 4 · ·

146111 810018911 110741

408044 ’. 189444 7888441
419161 111169 8149691 ·
916496· 199196 9010961

973449
648986

490449 999449 .

——p--n-ffl-v·

116681 111181 111181
417014 4304444

748414
800161

111641
916184

809017119 ·

1 081876 · · V '== J J ’
140619 .

*tm

’111116 - “
114119· · ’

1108841 - . ,
167641 811091441 448

1414411
44³·-

110

00 816 4

 

