. ΙΙ 84000 Ι 89900 Ι 88400 Ι 84400 Ι 89600 Ι 84700 4

m-O-——ffl

o 6900040000 694 8890004 6944460000 6970040000 6988960000 7004690044
4 406404 046604 706804 · 447004 6989407004 847404
4 444404 444404 004004 444004 0044044000044404
4 440400 404000 0040000404 444000 404600 4444
4 904646 946446 007046 948046 608846 949646
· 4 0004070004 444004 404044 0074044044 400044 444044

4Ι 044440 440040 400440 440040 004440 004440
4; 404040 0040040440 ’444640 440040 0400440440 ,444444
8· 474064 400864 804464 486464 097664 7007004064
03 444004 400404 6444004044· 444044 444444 094444
10 904400 446400 008490 9004001 640400 464404

44 169040704οι 700704 494904 6974087404 799844 , 444444
44 440044 000444 404444 444444 044444 40440
44 404400 6040044400 400400ι 4044404090044400 444444
44 460400 444406 044400 444490 400404 40040447

. 44 440444 40044016044004444ἱῖ 444444 4044441 404444

461 900646 444896 009046 940046 694446 468646
ζ47 6908069089 7044480 994880 6974089489 800688 846484
48 040444- 800444· 464444, 040404· 949904 70

19. 404964 6944044764 709464 ,949464 ⁶992-137161 870964
20 444400 00040οΙ 40040οΙ 400400 404400 ’4004040401

’ *Um

22 904084 444684 040084
07 4904004440 440440 406040
24 04444 000040 404440 444440 074474
‚²........⁵ 4006041 160440446ος 4400441 444604 6404440004 444644

*ψ

407040 444440 000446Ι 404040 404474 7000044446

904484. 698884
’6976094409 806129

378464
440444
708446

04 74404ΙΙ, 4000446040404444Ι 444444 6474604Ι 004444

’ 444440 4004406066004440 444440 444440
· 400044 444444 · 444484 040404 ’
.4οΙ6044000444 722241 4000446044004044; 000044 444444
· 3 0400001 888900 464900 060900 9769001 744444

‘'*3993614443055'501 444404 444004 6004444460 48446Ι .
464 804 004004 896604 898004 9444447044047846 .
'33 740099 4888496964064489 764080 478689 444488,
34· 404440 444440Ι 440440 044446 644040 40446
44 46948064οὲ41,70400419990046978096404 844404 4404οΙ

36 044696 888896 466096 069096 980496 747696
, 44 440460 0444044400 4444460 440460 0004447749 444464
40 · 464044 400044 4,0·4444 404444 44 4440040044
9 ’ 744404 488904 6960066704 ,764404 44:33³ 040404

·· ·.¹⁴.⁹.'-- 897600 444600 094600 944600 ’64966 ’487600 Ι

 

