 

 

 

 

 

 

 

 

 

 

 

 

 

 

 

 

 

 

 

 

 

 

 

 

 

 

 

 

 

 

 

 

 

 

   

 

 

 

 

 

 

 

 

 

 

 

 

τ ι, , . . 1 .
ΠΗ 11600 1 11700 1 :2800 1 11900 1 . :3909 1 131οὸ
5117119641- 5161431141 5167911641 515371141 51996644· 5545116641
n 754884 189184 843684 · 4111114 ςςοο14414 §mxu
- 13 999119 334719 189119 ’463919 698519 673119
14 145376 330176 934976 569776 164576 719376
15 890615 ⁴²5⁶²5 ⁹⁸—.⁰—-—-.——....-—.⁶²5 555625 ¹50⁶²5 7⁶5⁶15
16 935876 471076 5111116176 601476 196676 v , 111176
17 931119 ¹ 516519 671919 647319 145719 851119
15 5111116314 561914 1 117584 693114 131784 964314
19 - 671641 667441 163141 739641 354141 956641
30 r1⁶⁹00 ⁶52900 r , 1089661 784901) · ς-υ--Ι--οςοη 996966
³¹ , 161161 695561 154561 8113761 416961 535⁰⁴3¹⁶¹
³² 167414 743814 399114 876614 473614 6894
‘ 33 151619 ἶ 719189 345889 911489 519689 135619
34 197956 834756 391556 961336 5651561111956
35 ³⁴3²²5 180115 437115 516014115--,-- 6111115 22:²25
³⁶ 381496 915696--1 481896 666696 657196 1744
17 ’ 433769 971169 518569 165969 763369 319769
3⁸ 479644 517616644 574144 1 51144 749444 367644
³⁹ 524121 661111 619911 197711 795511 413311
4ο 569600 107600 665666 14361111 841600 419600
41 614891 151011 711181 119411 -117681
·41 666164 , 191564 756964 335364 - 933764
, 43 765449 144649 1111649 311149 979849
44 756736 11955 , 348336 417136 511615936
45 796615 335615 994915 473615 671915
46 841316 510516 93⁹⁷¹⁶ 513916 111116 737316
47 886609 416009 985409 5641ο9 164169 783619
41 931964 471504 5111131164 616764 116364 819964
49 977101 517001 676101 656601 , 156401 876101
50 513011500 Δ 561500 111560 7615001 301500 muno
51 067801 601001 748461 3411661 ’ 965101
51 113164 653564 794364 394794 5361115194
53 151469 699669 146169 446899 «1151499
54 , 2037=⁶ 744516 - naus 486916 107716
55 149615, ’QJ- 931615 533615 1 μοι(
56 194136 » 115536
57 359649 811649
51 314964 916564
59 430181 ’ 972⁰ss .
6ο 475666, 5180176011

————--——-—-—--

