t

„ssffl-U·

’ἑ9μ9996Γ9969 9999999691999999969 949469969 999696969 999999969
999994 999994 999994 999994 699994 994994
999999 999999 446499 999699 999699 946999

8·4’11Ι 48494 889646 469846 644646 849446 4666998946

84114449441 44.„.²...²²⁵· ’464944 796444 884994·· 676444

96 996996 969996 696996 9999961 944996 999996
99 499969 964969 699969 999969 994666969 994969
⁴55418144 699944 999944 966944 699944 996944
3 84 474949· 686449· 894749 464449 946499 448949
748969 876966 448644966 944966 4869

49 769689 446864489 987489 684689 448889 449689
»99 969664 896464 999994 949994 999664 964964
593 '8²3049 989649 9469966649 968848
’ 44 884646 44989 949646 476446

¹ ’99 9496999 9996949999· 999699 999699.

46 ’4466496696 994496 944496 844696

47 66766 976464 464864 444464 69466 89

48 948664 447664 467464 4968 686464 876964
6 ²¹8900¹ 498869 448669 578404· 748969 448669

49666 1 49966 1 49466 -jgmooff 49466

6 469666666 4674966649 4744946666 ,4474646666 484486664Ἰ449446666

4 664669 474469, 464469 . 744669 48664486 ᾗ
88446 864864 894964 684664 476664

. 996669 699969 999969 949469 499699
448896 684696 446496 499496 469696

494669

·· 866668 784644· 486664644 474644 464694

· , 9 484946 894446 664646 444846 698646
,· , . 649449. 996949 999949 999649 699

767664 484464 996864 466464 784664

864889 4949969689 444489 494989 897689

· 8449661· 16649661· 496966 488996 889966

2 . 894449 946449 478749 646449 444999
99· 744944 996944 999944 449944 999944 99969644
99, 966969 444014764 949969 969969 996969 669969
94 999996 69699 999996 966996 999996 9999

94 446444 944444 476444 6444444 902225' 944994

ἻΈΕἭἾΜ 699996 &W
974 8660846894 967689, 469684 -744484 487697889 449984

99 9449344 999944 969994 997994 696999 ’ 994999

946466

444969.. 644469 874769 944469 447469

46 44446611 6884661· 444466 .4964661 496469

 

