 

11 0οο1“

m

1000001000010000010000300000100001 ’
2 000 000 mnu 000 000 ’001
11 ’000 00000000 ”ww 000 000
14 000 000 unffi 000; uus ’003

000 000 nvn ww& 000 „mu ς

mwuw 000 00000000 ·

. ”ww 000 000 000 ”ww 000
1 4331636144 793744 311344 1669441396636344 3141
39 137111 390911 313711 733711 174711 911111
90 130100, 9331001 713100 434100 1711001400010100 ’ ·

«ἢθη-*Ρ

911 7770311731037131 313431 731331 319331 113031
91 474034 131434 910334 379134 417334 1130

93 371649 1796491371663149 736143 343449 314649
94 333073 773373 107373 374473 317173 411073

33

07 000 0001 000 000 „mu 000 · ’

1 *mmm*-

931 331013 771113 7004131731049313 313313 303013 1
97 939669 663469 397309· 147109 913309
0100001 ’000 000 00000000 000
99 177001 331301 791301 741401 111101 ’901001
11 49000 1 49100 1 49100 Ι 49700 1 49400149700
01 140100000014103100001410340000 147049000014140730000 1470170000
1 093001 903101 733401 .733301 473301 349001

1 1930041411003404 373304 337104ι 777304 443004

3 194669 164669 933169 733309 373409 74719991 ’
,4 791013 1013131411077313 ,334413 777113 343013’ 1

5 ¹·49t)025 703037 371037 937017 054025 745025
3 733073 7991731 ’““,“““““·“·
7 000 000 000 00000000 000
1 000 000 unu 000 001100000

1111111111 397331 717331 3774371 149131 141031

naaman: 1001 nun 000 0οη uma
1 173144 933344 3109 -
11 1741391411036739 719739 771969 644369,
771193 134993 1471017793

333139 479339, 717039
wau 001 mnu 1
79 331731 373131 7099311 737731,177731,171737

9661466 77446 ’66346 “462400 336466 170400 ,

361136 313143] 11437314710373731Ι

 

791100 314100 473100 343100-140100 .

