44949· 47488 Ι 47888 8 647788 ’47499 8 44488

44 4484788488 4484888788 4484748488 4448844888 4447844488 4444477488
88 888444 484844 488844 4488 4444944844 444
84 448484 44848444848884841 4848841 · 888784 749444

9994444496 644996 496896 679696 444494 949499
,66 886886 789886 86326 799886 848844 qun]

——Q m

86 448848 844448 48744 448746 ’47994499494444
87 448884- 444444 444444 4447888444 449449

44 4788444884874884 448484 848884 ,784484
69 684964 889764 749464 447964 4444649

‚ 70 444999 494994 4444888 478488 448488

*mn—*u

74 ’944844 449994 QWW
74 4494848784 444884448884444 884484 884444 7447

73. 449749 649949 474949 749449 484449 868789
74 . 888878 784478 848878 844878 444878 484848
, 74 474884 888884 484884 448884 484884 4488888888

’78 448478 8444778 4884784448944478 444474 4444

, 77 884484 4484888484 848484 848784 747449 94444
78 ⁴ , 788484 888884 744684· ’497484 · 844844 44448

74 844448 448848 887848 488848 474444 8484448

· 44 4484884 448488 488488 48848884448844488 8884
84 9484884488 478488 4487847788 844488 449444 494964

, 849 469944 686744 449494 7494444, 949949 9449449

99 899899 808899 989489 974989 444689 mmm
44 488848 487848 444848 448848 447448 844848

’98 989889 3116032222-2592253339106225 679444 46948

44 848848 847448 874448 888748 748448 4488
47 744884 888484 784484 447484 484784 448888
44 . 878844 877744 “ 484444 4489444448888444 88886
99 984444 4949449888949744 468444 496944 7848889
99 9994499499 698499 496499 6844991 444499 8488864

. m

9¹ 444984 749484 444484 799684 967884 8866Ι
2 448884- 448484 488884 484884 444884 44848886
44 444844 444844 488844 4448848844 ’444444 88
94 4888488887994848 447848 848448 784848 4886.

Q-QQS ’788884 464944 8949441 944444

96 796086 899886 688486· 877688 946846 49648Ι
47· 484884 484484 444884 444884 4448888884- 8888
98 ι9906086604 989664 3329059204 608804 479994 768888

99 494994 ’644894 474994 744494 494494 88486

 

