Μ *ιν- -ιι-ιι--ιιι-σ-

’89 ¹ 699996786ῙῙῙ7Ϊ397996Ῐ169966997Ῐ6996449969 6999999969 6937938469
1⁸² 4943946979939794 897994Ι 663994 3699946938996394
39 989989 98798969999944891 769689 997689 394997
94 ’ 939696 449696· 676896 966696 669496 49669
25 899999 699999· 399999 6967676999 8439991 639999

ῥῆμά-μαι... --ae mmmm-fl

799496 486996 93379616993966996
97 669669 966969 649969 996969 699769 9499
ν . 99 96664416696679944 969944 949944 ’9963446494

89 523121 ²³⁰92¹ 998799 766999 474399 969994
96 686966 38899616999996996 864966 639966 499999

- -σ-ό-ὺ-ιη-α-η-ι--μ-ι-*α-σ-η-ι-ν-

Μ

99 837689 949989 2734816208021681 s mov>
9² 994664 766464 496964 679664 99666]
93 6969996649, 6996491 999649 9968496664669449 89469
⁹4 368936 6977996836 749636 494436· 963936 6949999939
95 4⁶5025 974999 963699 699999 499699 99999

699696 3399966993966496 1869696 978896 36866
779609 488409 617869 967669 736669 99669
996664 649664ι

98, , 6796046669664864 ’894494 694999
,99 0106098001 806801 996669 989469 6999999999 84999
Τ 79996 Ι 79969 Ι 79969 Ι 79396 Ιξ „wo-*LE*
0 6949696966 6996899999 6979646696 6988496666 6364380684, 4949449994
’ “ 1 '¹5⁸001 968969 ’798466 648669 518801 499669
2 9666646699666464 996664 967464 ’944444 99
9ἱ 474669 684669 66796196619 ’‘m’‘ 836493 767669

st, 639696 449896 ’9736966989994496 999996 88101οὛ
¹5 799699 669999 439999· 9836996369994699 ¹

9 949696 799696

7 6949996949 997449 748849

19 964664 6998979664 997664 ’

,9 422081 9999996974669696 997496 999666 ⁶
{¹0, 380100 399969 9949666999976966 ”w

”un—*mm

66 696644 766944 946944 999944 994444 9499966
93 Ι6943994969 866769 699369 55 ¹9⁶9 4²45⁶9 397961
14 616190 0699064990 897796 796996 » 383 396 47018
’19 Ι 8706691 Ι 983999 6979696999 869225 7422251 93991

.- ’969 998996 349496 974696 6939997934Γ3444, 99999]

47 699999 499699 999699 6964996967699969Μ

999966 ‘⁷¹³⁶
9964661 jffl

49 ’ 944964 697964 496964 949664
’49 6944669369 896969 649969 : 993769
46 966466 9744961Ι 868466 ’ 669469

698764

 

