ΙΙ 49000 Ι 49100 Ι 49100 Ι 49400 Ι ’ 494661 49766

Q
61 4466984744144468679111141664611111486408448 4446496744 4476494744
64 4404649444 904444 444444 604444 489444 494444
64 ’1449441414404444Ι 444144 444449 444444 440949
·4 446046 698896 944696 864496 687496 796696 ’
671 374225¹ ¹97²252J-2—70402255 903225 7469991699999

66 474776 497776 478776 4477604976 887476 779776
44 444444 444444 144144 104414 944044· 447444
44 644614 491144 444144 199414 1444044414 984444
69 744741 490461 444441 444444 4449644477647784 ..

705 ⁸⁶L9⁰⁰ 6889601 7749661 796960 8899001 8845'0‘·
4171 444441 4141417 441441 444441 449441 444641
⁷2 4404441144 444444 419944 444444 448444 444144
44 1494491 9449491 1414491 6441491

 

444419 444749 Α
44 1444441414044144 914044 491444 646646 441444
,44 444414 180444

4448647647 896647 7776471 680647

74 444444 144474 114144 919476 444444 449444

77 4719191 877719 4117891448088119 974719 878919 ·.
74 676684 474684 ,744484 486884 ¹2448074'484 978084

49 748141 774041 419841 187641 1714411478077141 ‘-
76 846466 674496 7484061 484406 476406 476466

81 9447 1⁸ 770764 686964 4874641 769764
82 4409041714· 869114 717714 7811914 468814.
ι,1ωωι40889 967489 819489 680689 767189 ’

85 ²4⁹05624¹90⁶585⁶ 988878, 779476 666876

 

44 447444 1641144449011444 444444 464444

W

’86

444444 144444 149444 944444 444494
44 444464 464449. 444469 1449044449 464449 ·. 2
881 888744 479844 808 944 87471111449064444

Ι

79 749944 777744 407744 477744 464444 4479068944
9ο 848406 676460 7644061 7744 466406 468400

9¹ 946484 774481 641681 470881Ι 8490811·464784
94 4440644464. 874864 704464 769664  478064 76646
44 114449. 9411441 494444 444449 444044
446876 4446649676 898476 767476 676676 464896
7496471 448047 9976471 866047 755025 664677

Μαι-ηρ*- *mmm-*¹
447446 446446 ’4470697646 96484911 874646, 76 446
414449 444409 144109144004440 944009, 4 4449

,7 647664 447464 494804 467404 4476079664 967994.

” 744864 744664 794404 464464 474994 4469691461

’ὓ 6491· ,

464649

 

 

