3,,11-766661 968961 41400 1 49 661 496661 41700 5 4
89 9704990969 9799887969 9796678969 9798979769 97879699766 1745551955l
89 ι 205544 469994 776894 9799069794 389124 755524 9

5: 618686 6388861. 966696 22·9056 555856 ¹902556

479997 Q718225 97890079976 8999971689997 ἶ· 986997 ζ

,86111887161 8ᾶῦ9ἓό (188116 3953 36 722526 ,1741406971όέ-Ι
6188 {555 ,186 5555 5555 5553 ,2
89 789799 9799049899 887999 6449969 972721 320525 4

6999699 889989 999889 999989 899989. ’.

⁸⁶4¹⁰0 2¹00 470100 728100 9788076900 404900 7 *f

, 9466891 94889 503081 811281 989486·
25705029264 997664’ 786064 894464 222564 ᾗ
9 966889· 380449 669649 967646) 866849 t*
-969446- 4696961 75203617300608³⁶·= 8896869 9
5⁸ 79 977097 7460971 887097 544025 475025 822025 1

{2359616 668896- 998096 997996 976496 907696 1 ·’ ¹
9 7 44220931711609 9799009009 890409 6898091989909 1
98 524504 794464 ¹ 084004
99 1 607409 877909 967009

Ἣ

9 ,11498001 499001 4.²0⁰0 1 m ·

Q 9747940000 9777690000 9764000000 9779490006 9780840000 9789990000 ”
19 898609 698809 084009 4947017 994409 374691 '²

395604 798904 91747079804 9 ·

{² . 407904 77 7604 968004 878404 9789008804 459204 6

490809 869409 979009Ι 669609 098909 849809· . 6
,1417774496 -947996 1886096 5 7468964 1 977696 698496 1,

678097 97760990971490097 1 889099 1 969097 798097 1
16 74968 6 99988 6 704086 91523⁶ 846486 797686
18 77 908864 980464 676064 17770 6886641
19 992481 8649891786686 ¹ 167889

1-110748076900 448900 84090011 979900 ,ή684900 9869001

979799 531921 994999 886899 768899 990799 ¹ ·¹
11 9798998981 555 5²55 5⁵³5:
9111 8161961781196 ⁸ 976996 788998 9789691796 471191 1
8

1 494225 '867225 6 ¹ 96099711678997 9069971 779997 1

9
fi

⁶⁶1487 6976848891 4152'55 849696 275059 799966
745124 4 118724¹512524 997994 359524 898994 2 2 . .
888769 ·2025 6911 796869 · 0909691448969 89776 - 9 ι

9984001986400 6 686400 1 09440017984001 989400

11977896 996696ι 9498961997996 696696 699896
961 W

 

476809 806609 · 976409 -· ’

825249 696699 9889991999949 9968991989999 1” ’

