468001 0469001 mfflffffi

mul—- „md-amm. 7
0748440000 743640000 749000000 7343440000 7398440000 7488490000 ¹
4 493604 663804 094004 464404 894404 344604 ¹
2 447404 747904 408004 ·448404 948804 499404
44 400809 774409 494099,4 474909 7404404409 444809 ’
411 434446 ’849446 Ι446040 646840 037646 - 908446
311 908043 779047 470043 684049 ’ 444043 963049. ,

61 Ι364636 931136 344036 733436 466436 6476361
487 ,0074 4094· 4464 4841
744484 094484 486684, 897884 349684
776400 4484001 340400 934400 384400

*mn-*-

849744 404944 394444 733006344 438944 899744
884444 444744 948444 060444 494744 947444
4 949999 409499 704499 444799 Ι447469 999799

411 990499 494499 749496 ..468999 904746 746034396, ’

711797944447 447449 8404491 443447, 696443 409443

W

61 0978361 474096 ,864436 477476 740676 463876

7

3 498764· 634364 730046364 440464 878964 347764-
00344400 686400 080400 494400 948400 384400’

04 366044 740444 · 434444 748644 984844 437944 -

¹² 449984- 794084· 488484 604884 7444047484 494644 ,
04 474449 847949 444449 947449 094744 346349
4 449979 904779 499479 744479 449476 600976 ,
4 ,7480944 974944 440944 794644 400944 633643

4444890 ·444889 448489 444683 76304 444449
4044441 478744 974444 ,484444 849444 ··²731

71 ·- 647949 094449 448749 474449 409444 764343

8 744784 147484 512784· 9²⁸384 8909 849984
91,793444 474044 966844 984644 448444 374947,

6ΓἼ44479 744009479 404979 449879 4449Ῐ1 740476·

’00 848900, 444900 640900 736036900 474900 928900 Ι

:2 949444 444944 · 749944ΙΙ 44444, ,4,- 48484 7470484 .
³·¹ 740009889, Ι489489 7840890. 0 4999890 949480 ·· 094443 ,
4 094449 440446, 447449 444949 990749· 447449
55 747443 494443 894449 308449 743443 444443

m

5⁶ 470496 3440441 944499 ι494499 799999 449896,

· Ι904764 «474764 974994 044491 447494 984494

47 444499 994999 999499 44976 844499 374363
38 ²78244 ⁶55844 781988444.478944 908644 366444 ι

89 889999 79979ι ¹⁰7521=525355 963444 440944 ,

9 Δ887900 ,794909 494999 5796007455176550·4·75⁶¹ ,

 

