’ 74866 74766 744661 749661 446644
ο 4446966666 4494696666 444644666614464446666 447666666614464

4 4447867464 447464 487868 447664 444464
4 444464 944464 744464 464664 496664 49ιῇ

. 4 464869 4444444469 884869 644469 444669 6
4 448846 479646 4447646446 864446 494646 441

4 696644 447644 178025 949088 740088 98

6 444446 474448 444848 4464998848 444646 46
ι 7 996449 744449 474449 44649 4477646649 46
4 4444447864 889484 846864 494464. 44466 555
9 484884 4444646684 768184· 446484 ,994644 449449
46 444466 464466 946466 688866 480100 552

’ f , 44 479444 5448063721511521 8889881 6684441 466
’ iz 746444 44 48944 888844 998744 770844 811

-· ¹ 13 873769 669969 444989 4484444489 944489 748
44 4449646996 744796 468498 479898 4478674498 444

44 96444414684441 084888 487888 880888 8498 88

“ - ·48 444448 444464 848 864848 474646 4644““““’“ἷ“““““4ι m
17 4·64689 496689 949489 744889 446489 444
. 44 669944 444444 4449697444 64876744 684444 478
,6 49 747464 496964 44478444 84644484 444464 444

’ 46 96446616984661494466 466466 96646 4444

2115420561 744444 446644 44444444744684441 466
’ 22 198884 944484 687884 484684 4484444944
, “ 441 44446867891448449 8888881 009989 404889 ¹¹

44 494476 444478 984978 747778 444478 48
·' 25 646644 8780888480880088 08088 700⁶²5 .'¹'

²⁶ 787876 488070 878878 4464644476 848676 48
47 944449 676449 444949 464449 998749 88
48 4444684484 847984 478484 4444844486444744 484
891 889048 984448 788844 497644 494444 8698464

99-*1-49769661446444966 !⁶⁸⁹⁰⁰ 644966 446966 48
941 444464 46646414444646464 794764 488964 405
441, 874444 467844 464444. 946864 747644 44
,44 848689 444489 4448894466688489 884689 444
44 984948 764748 449448 448448 8684644446 448
44 4444444444 846444 667444 7444441 484444 448·

- 4811 ῖ66496 997896 744898 444698 449498449668
, 47 467789 4447444489 964489 879469 477469 444
,44 444644 464844 4444646444 447844 644444 44·

49 764444 446444 497944 974744 774444 448

46 449866 487866 44466614874446464 944666 555

8

 

