ἰ 4 43030 ³, 41300 41000 41400- 43400 41400

...m—*num

, 11 1713440463 3733343733 37444039614744769161 3744344463 3764761431
·- 11 334714 961114 461314. 873914 366314 3667141
., , 94 341479 173436 419 434119 971639 464439 971314
· 34 744043 33343, 61634 4744334443 4791461764377913

83 647113 1741113 sums 4791344 1311314
’ ·’ 16 931196 111391Γ1147914, ww 73019 117494

·«111714044410 111919 931369 1977191113169 11111
33,1447·44 4373441·734034944 364114 9961461...1
89'26921 394711 134521 607411371094131
1 90 7943100

46 300 144430 733100 300100

911 471111. 911131,-. 14111191133114- 4040909 444094

93143.
76603464
’ 734336 334646 663443 4141146 630046 111131

94 119014 4113143 7671134 131311 7131131 ,131111

’61 994316 417416 ’ἱ 3,746,1’6 44031314 343016 “423
9731113197119 416119 97119 413619 934119
, , ‘ 999ἱ :aab 64.1304ἱ17’340611804 440404 17460400049 , 449

. .

’ , 11 476464 3474304364 433164. 911664· 416664

1 ’611639 119149 1371491711916119 311119

183461ας644103 144003 644731

71161

’ ’ ’ 44 436οο ΙᾟῙΙ 413034 5²900 Ι 440004 44100·

...-...w-—u-a-—ffll-——n-finu-n-

0 ,,1766760000 377719000091737343333 379341000013090033001319610000

111611 414191 104001 913001
17336411049ἶέ 313604 ·331004 144404

1 363161 393461
3 970404. 400304

41767074609 306109
‘ :4 330313 711333

4 336014 317034

· 136119
161416
363349

737409 437009 933609
,334346 414016 3319044333

939619 440034 1430141

6 311116 911116 373613 1799143116 613111 14111

- 7 4934491711317139 379149 13161 741119 111111

3 601664ἰ 144364 634864 “ 346464 343064 4496

, 9 736331 141611 791431 467111· 444031 434131

4 10 3313004 4441004 3961004 463103 331006οὲ004 371103

554944 117344 179714
. 661169 111969 ,114369 171169 99311
111991761796 111196 191191114196 1313043911
443114 3713144 4143144 997134 493104 004114

· , 4414361 971636, 0636110000οῗ- 3931431· ’33991
3916191779111119 Ι679119·’ 101119 101319 44449
633914 317314 743314, 414734 90444341 944944
146761430461 ’9313034463 444131
931461 416400 330400 494433

, 733161 391961
364400 4914

 

