,6
,9997499999 9999999999 ςοῇζῖᾖῖιιςοᾝ9799ιςοόςς97999

69 4999999944 999644 469644 669444 ’897944 9964999944
69 999969 469969 964969 949969 949969 999969

64 466696 949696 966496 6996969696699696 994996 Δ

69 “ 949999 699999 64999949999999999 994999 497999

*μυ-η*-

66 699996 996996 969996 999996 996996 ,999996 ›
69 994999 969999 9669999699 999999 999499 949999, ·

9999949999999994 679464 499994 969994 994994
999999 499999 ,999999 999999 9969999999
6

,996966 949999 944999 9999σοῖ

799 999949 994449 696649 999949 9999997944 999949
99 999994 699994, 6469649699694994 999994 ᾗ 499994
73¹ 679999 997999 9999999 969799 979499 999999

ἶῗ ’· 969. 96966 „namma-mmm&
ἴθ’-6696096976 646976 4079761 999976 79777619966999979
99 999969, 999999 ’949999 994999 999969 969999
499 mm* ,999994 699994 996494 9696669694 969994

,79 999949 ’666941 ’999649 9999999449 994949 4999491

4996666666 999999 999669 996969 796669 9067066469
q .22785⁶ 974499 -949496 999996 999696 669996
499999 999999 699999 99699919699699999 964999

κ

699996 9949969699699996 699996 949999
9 999969 966969 994969 969969 999499

16
8³
84
69

ιο 999499 ’ 999499 994499 ⁸ 999499 969499 999499
699 969969Λ 949969 9664669699 969969 9699699 ,994964
ι 9999999994 997994 444994 699794 977994

Ι’9469449669969944 696944 969944 9999447
996999 499999 649999 999799,

999999 9999999999

9¹ w* 799999 999999 999499 ’
99 999964 969964, ,964664 9694699464 999994 ,.

99 966949 649949 999449 9646666649 994649 449949
94 649696 ἱ996496 999996 949696 996996, 999999
⁹5 799999 999999 9936499999 9999999 499999 799994

——u-ut

mmmm 949996 499996 649999 979499

99 4999669669 999969 994669 994669 9994999999994944 . ’

996964 996464 996664 999664 999944

ὗ ’969999 999999 9999997999 997999 -

994979 99949 9669699996 969696 999496 994996·

,

 

