'' uun-ww..

· 11 794991 799991 35050''1'· 497991 497991 49499·
47119994979471994499447 9977977447 497774947 974499947 97949497

’ ²1·- 5516543525054.5²'5484 554884, 46966

4
’ ’ 44· 794779 79797

669969 1, 966969, , , 4,9444
, ,. «.,476976 449776 446976’ ’ 94497
.’ . 449944· 494974 499944 · ,

1111, 996676 769476 966679

949979 974479 ’949749 · . ,
7911· 794494· 994794 999794, 999494 777994 ,
69 ·769’67’6 777647 746677 776646 796776 ,
30 ,·’·969999 964966 999999 ’,979999 947999 99

46 ·999497 4647971· 9999971 177797 974497, 999497
² 543224 5²4⁶24 ¹5²¹524 555424 575524 9666767
33 4967697999 494494 997999 997999 9769994699
54 667996 696644796 552041156 5'5505755'5¹
35 7777741794744 ,1 797774 7797741

’ψ’-Ψ

49 799999 -494999- ,
77 746469 669969 667969 679769 676669

, ’36 499747.’ 697944 666444 699644 9766 44 994644
39, 9.”699664.’ 9447766 ,946966 3'59321 397121 494466
’4ο’ ..474999 4949991 497999 474999 497999 474999

. 4696661. 467496 466696 4-75554 474977 479777
7649441, 767794 966764 540154 555554 ⁶5⁶5⁶4

99999

697796 6969

47 ,664649 967671, 966649 666449 6796491 677679

9 ''7⁶2116 797479 , .

47 ,7944499 aad .967799; 947999 997999 949491·
49· 966664· 96476 996964· 497994 947494 9479777794

’6 , 49 997997·’· 947997 947497 994797 9749977797· 997997·

. '5²

,99494797749919979944991994994499 4999774779 994499 744499

,55 ,696666 6664671 967997 997497 744997 744797
747994 ..777494 744794ἷ .’ ’

53 797999 797499 79799914944991 744999

‘54 797479 747779ἶ· 747974 794979ἷ 494479,

5535 767667 766669 767969 764679.Ι 769679 447644

499774 447794 49776 964964 946964 999767
,44444774 4477471 797796 7696666 667947 omni
77 51 4941 99744919949994Μ974999ζ 99·7999 749979·ι

96 766776 766976 767676 7777711 469976 455555
111· 4774471 515453 46761 45504'5 545545

 

