4·

4444 4974444484 4084409444 4094707684 4098444884 4404964084 4444644484
5? 4745 :757 477: 75777744‘ 57
44 744446 444446 964946 4444446 464446 844666

woss-su 444644 944644 n571727 ’60066 669866

m

,01 449746 444946 4494948446 647446 , 499446. 944746
47 964409 904809 604609 768609 868009 6666066409
48 996604 ·470704 470404 789904 469604 089606
49 4479046894 646604 446404 8464401 496994 44440 ,Ι

45⁰ 4444904 704400 404400 944499 ...ιῖἐῖςῦο 444409, —
488494

,4 768494 468644 988894 649994 489494
444 444964 444464 444464 4699644464 694464 444964
55 449609 999499 499809 444499. 764949 444609 ,
54 484446 966446 466946 487746 848446 4³9J¹⁶;
444 444044 40869444444 644044 444944 894944 4469447

46 4464464 697946 699446 446446 964446 644746
57 ι484449 464849 764449 486644 4446644949 669449
48 644464 449764 444464 444964 694464 746464
49 444884 494664 497444 449444 ’ 464944 444444

ι7796440. 4646007 964699ί 484609 7476091 889600

*lm-”ffum- --qnfl-:t--a--W *dm—W(

6”4 ¹ 844444 4474444094 049744’ 644944 “ ,494 44 94644Η,

64 944644 494444 ⁰55444. 44..8444 ,664 4444444446444

64.. 976769 449469 464969 744469 444469 669469·

64 4080944496 644496 448696 849896Ι 494696 446496ξ
4084444 694444 .494444

ΓΔ474946 nmomffi Ἧῦᾏωῖὖῖξῆ „
67 *749669 444489 44648444 446489889Δ .593449 44884,

64 4464444 489444 ,494644- 4464440· 749444 444444

947444 460444 444444ἷ ’

49 .371461 944964 448764 486466· 866464 490969 . , 1

79 44699044 987949909 ,6440904 448900’ 894900 446990’

{I‘ 494644 ὀ 0 3684. ’ 994044Ι 444444 ’“““ᾗξξῇξῖ”ᾙ ⁶²3⁶4¹
76 567384{, ¹⁵27q4{ 57 688. ,886936ί 4070449411 699444
’74 644449 448 49 8444 44449 447909 094929 757127

74 699479 ‚²84⁶77 ,44944764 444446 44467 4444741

74 7646444 ’Ξ4496ἐ44 944 ⁸³{[;.;.232333 444644*Ὴ”νὲ8924ἒ4’ s

469 551576'541657 499404474 646976 6964766 9474 446
7444 8974494, ’..484449.. 48944 444449 44874944444444494ι
4444 944444. 444443 4444444] mm 4444 Α 4696444464 -

7944984048644 644444, 2 02 ,84694 . 99919242

4948
,44484

494 994490 684406 2864 604 944469

μ... t 444-νυ- ewa-nst *W tw· wssv⁸¹ --v uunquam?
‘ ¹ 4

 

