WWWUW'W

77 777867747 ²4090¹44¹ 444647644 747749844 776764644 778478744
’ ⁴ 22 8³8084· 986484 646884 ’ 484484 886684. 74668
¹= ··2844924 7677774 4677779 - 747777 467777 747777

74 4899876 994776 469776 744476 7 798976 777776
’ 5 9806774744677677 4466771 777 677 476677

76 , 9514904 6769761 774876 767676 467776 677476

 

·“ 77 777777
78 778677484

687779

¹18884 767479 778779 497979 669779 -

784884 469884 777784 764444
’ἱ ’²⁹‘ 954044 849148 5,265848 408444 777744 535044

30 · 684966 486966 796966 477966 5⁸⁸902.....„....

744967 778767 464764 676764 796764
4 747674 7774744 477774 647774 874674
774787 776687 777747 ,647487 467487
., 774746· 477776 778776 777746 877776
NJ 3767781 477777 796777

767776 444776 ’677694
398467 774767 677467
Ι477447 ·547044
480521 778774

7477771 774777

. ’ ’ , 447484
’ · 777464
479449
, ι,878886 4 677776 1 774476
γ 967674 664674 747677

..μυ-ιη-κ--ι

5 “ ”“978616’ ”’797816”’ ’976776 697746 274918
' ’ . “ 4 744409 648609 968699 147409 766869
740804 899904 ,999804 454104 338704
,778401 894767 748674667 496864 776664
7⁰²500 802509 9²2500 667766 777766 467766

mmmm—W

· ‘“³'7³3401 8 7664 977 7864 994664 254204 434401
' ' · 7⁶4304 864774 784764 477764 ''''2'8'5'504 466764
. . 777769 895809 747646469 477669 747669 998769

1 . 876446 976946Ι 647746 488746 749776 776746
.: 877677 9786771 075025 776677 784677 582025

,47 477·’·976 95'·9138 ,446776 777776 4777761 777746Ι

- 914449 242025949 747647 787747 474477 677877
·’761 767764 0514642172964 774464 476-764 6777 67
7 ,4 986684 687487 764784 746684 767887 889681

· 7796446661 4476661 7776661 7776661·, 779666 774666

 

