1 11 96666 1 96966.1 96966 1 96766 1 96466 1 96760
ο 976666666 979996666 969446666 967696666 968966666 9789798966
71 679669 949969 479469 -799669 999869 997669
91 664Ϊ1μω9744941 761961 7779ψ1 9696976994 796664
7. 676667 966667 787467 787867 678469 949869

4 99969 98896 769696 896496 699996 989696

669697

5 488847 776647 679647 644647 447647

...ud-

6 999676 467976 674496 887676 976896 ·448696
7 · 9740411 46 68449 666849 968449 Ι89649- 489649
9 9 666 467 664 ὑφ964 97 6864 . 999464 794664
9 - 988689 499886 799689 989486 977989 747689

ἰο ’7969661 532100 7649661968696986 988966 796966

μὴ’-*Ἣ

11 979999 764799 796799 . 648799 796999 697999
44 984644, 776744 646744 699744 977744 646449
97 496969 , 699789 869769 9979691 986769 679969
1 446676 666766 669776 646776 467976 764676
4969971697997 996997 979997 47999ῆ 747997

66 764476 747476 776676 466676 487676 778476
17 1 767689 996689 244489 517889 899989

789744 4674448744 477644 876764 644944
899969 677969 769769

744689
776944
668969

88 789769 877969

646466 8744661 6884661 749466

:mm—ad—

20 696466 996466

99 76448

998884 977484 467684 889884 77649
23 736529 776667 687746 446948 764947 4786446747
γ44 768776 789776 468676 474776 747776 644776
97 966697 9666976971 976697 767697 786697 677677

mmum—flu- Quam—mmm

981 8946761 647876 687676 798476

. , ““,·1*’“”777441 798849 896844 977649 647446, 747446

977 864799 686649 315529 570929
. 981 87678

29 998849 944649 986449 676949
'301 986986 976966 4999661

*ww-*⁸*-

791 774766 4676661 447964 766766 7777661 977987
32 257025024 4464441 4779441 794444 476666644 98788

964784 947784 669784

33 677687 477667
· 74 687676 767676

35 121225 338225 57522 899997 969997 406225

96 679476 876476 667676 864898 949898 43929⁶
Ι87 687866 464767 646666 877767 674767 47978
78 467444 477644 674644

76 447746

46 989666

766487, 7668991 647487 746889
6 777776 676776 777978

 

