ιιι-ἰι- ιιι-ι--ὶ *mma-...Q

ΙΙ 411661 Ι,4-1-9166 Ι 4166614Ι1·1661 142on Q ,
U{nnsssslwfflsssssshwvwv1quwss¹sswmnlwwssfin2
427044 111444 111144 6141441716676644 999644 ,
. 916769 494969 199969 718969 161169 -619769· , .
114416 177116 9116616 161116 141616 761496 ,
⁶7822'5 1761661119 464119 117119 996119 793225

«761116, ¹4515⁶ 141116 171116 414716 177116 =
845689 119619 611419 1771111889 499119 961619 . .
919414 919614 716614 146114 ·181114 1799647414, ·
⁶9 114961 661961 111161Ὶ · , “
7ο 696966 416966 814966 968966 791966 116966 ’

...mm
71 116641 964141 969641 191141 817441 961641 , ··—
72 164114 641714 1776611114 477114 111114 116184
71 141111 711711 117111 161111 1787166111 4711111
74 491176 116676 111476 646176 ο91676 9998761
71 111611 166611 161611 716611 171619 646619

76 “’“““”1111761 114176 111776 114176 166176 719476

77 611111 1761661111 471111 111111 ’144719 116119

71 766184 191414 991614 911614 419194

79 196641 196441Ι 641141 1779661641 919149 9 . .
16 ψ994466 916466. , 7164661 191466. 598400 1796054400 . e

68

1799619161 996961 866761

111114 167114 111114. ’ “’
405489 891689 918689 “
489116 996696 469496χ ·’”

488324 894724

171181 171111
696196Ι 1771669696

161914
189689
161416

Ι1714611161Ι 414161 116141Ι 116761 611961 619161

999119 7461191“ 147119 9741111788611119 649449

Ι16 446996 114116 111116 611116 161716 941996 ’
916769 161161 111161 741161 116161 617761 ι
Ι11 664144 111144 111744 117144 174144 741144 · ’
Ι19 611111 1761676111 411111 111711 111111 117111 .
96 771166 1661661 9611661 966166 444100 911166ἶ , ·

Μ

Ι91191111 144611 611181 1786680411 911611 996111

91 939664 318064 796464 164864 611164 1797611664

Ι11 1711611441 411641 116641 141141 617149 1⁶⁶449

Ι14 167116 416616 164116 111616 711416 251236 '

111 111111 116111 111611 4111111 867611 ,1966196 1 .

96 174116 664616 1771671116 96141 991616 416116
99 1669 741669  197469Ι 98686611719116119Ι 9696691

Ι1 441464 891664 141664
9 16161 916661 119161

9994941
679161

671164 116164
799661 169461

 

