. 949999494 494994841446494699 999949899 499999699 994946999 ,

·49“ 984964 ,969964 969964 989964 998464 996964 l
496 ”mor · ι99449 4946494 949449 949949 499649·
A

4944996 949496 944996 949996 999996 ·494996
’9946499 999949 994949 ’994949 496694 ,449694

Ι ᾏ4 9 999996 989996 989996 499996 449496 499996 Ἀ
499499 444699 444499 494699 494999 999499 ¹
¹ 469494 444994 444994 464994 994994 s 964494
499469 499694 ; 499499 499999 , 499999 ³ 499699
- 4994664 ’499449 994499 999499 , 469999 · 699499

ψ

949969 499499 499699 449899 499999 649999
499964 964994 964994 989494 649994 689994
699699 5 499999 4998941 699469 6449991 994699

649496 , 699996 , 699996 644996 684496 944996

899694 649994 649694· 6949949--994994 996994

W ...a-mm...
,999996 694996 699496 994996 949996 · 996996

999449 999849 949449 994649 996949 999449

969464 944964 949964 964964 996964 99999

- 999999 994694 999494 999494 899994 999999
8996991 899699 894699 8696991 999699

’μη-

944496 944996 4946496 949696 ·994496
949994 944994 999994 9499994944 989994

1-...., ὀὶ

449 · 999996 99999

“ 899499 , 899994 899999 ¹8981zg .9403²k
869444 . 869844 8869 998644 · 999944
, mart 499969 9469666 999469 496944969

984366 “489007996 949946 ’ 999946
999999689 994999989- 999994489 999889 699999 999449
057424 044944 044644 · 968994· 999894 994494
699969 - 999969 994964 998969 949969 966969

{g 996999 , 999999 994999 . 999966 . = 172900 . ²3⁶900
‘'¹'‘ *W

“71 64641 130841 ,- ¹mffi¹
ΊἏὶἱ 676314, ¹⁶07⁸4 9 166664 139664 “ ²33984 296384

⁶7
66

99 469949 499949 4 499949 449949 464949 949449
’ 741 994896 999696 994496 ’ 949996 , 994996 449896
. 75 , 964694 949694 944694 989694 · 9946944 ,-999694

994 - 494996 ¹ 99699 ’“ 499996·’ 949996 ’“99’6’ἷ’9”6,’ 444996
’ 2‘'³²5¹29 . 319529 315929 ³4¹3²9 386729 449999
.ζ 994444 ,9, 949444 . 946944 994644 499494Ι 499994
. 964644 , 999449 , 996444 494944 449944 949644

‘ 9 Ι · 4¹ :901 4664969 496499 499499 · 49 499 544400

 

