··44661 ’41444661 44466 x„

ι ¹8851259563 4446666464 4444466464 4444444444 4446644464 4947747744
4 Ι4444444 644444 444444 4·464444“·· 444466· 444444
4.- ,446449 437459¹ 444644644444 4444644444 444449
’.4 . 744646 644446· 44464 444446114464464946444646

841· 987447 844447 66464 {²⁸²².....212225 32222 . ,

4444444446 4674664446 444446· 446446 664446· 444446
6 464464 446464 4446644464 ’464464 444464, 466464
444444 ’·444444 446444 4464644444·- 982144' ’844444
739944 767714 447964 4 483344 8948474444 8997678944

fil 948466 776466 669466 ³ 474 466 366466 468466

-ae-—n‘n-dq--u
94118873446484 944484 794684 646484 749644 477484
Ξὲ1 364464 8874434464 981264·84966 738664 646464 ,
444644 444444 44444644444446644444 444644 444644
945 646836 769636 378436 227236 9²9¹¹⁶03 6 8948644836 q
971 86964 698647· 747647· 446647Ἣ 367947 434647

9618879677446 886446 741646 669844 494646 463446
971 444409 8818074804111944409 794609 6880091 592409
98 433664 463464 8894444869 984964 844664 784664 .
99 644464· 474664 ·301403 8944474464 4936664664 976864

ἸΙ 94‘00 1 44466 1 *Um-*K 4.4466

1 9 8949466666 8968696664 4987646666 96666466 6 9647666666 9044050000
349464 479464 449664 499864 496664 46646

14 738464 468864 449464 389604 386664 396464
14 444664 644466 664464 444466 476664 446664· ’
4 944444. 647444 444446 464446 466646 446446.
78674466447 8969637647 488041 949049 940041 964647

mm

61491286 246436 8988177636900714883999269490369945151236
7 4114141417 ’1141719491 464444· 444644 446644 444444

9 mm 794181446464 444464 446664 744444·

-746484 748484 710081 744884

46 89746 4466 9844661 936466 4684661 966466 947199
11 “, 444344 89794777 744 898944471114008097944 90270901 4194764644 44

44 ’446744 466944 444444 444444 446444

44 644464 444464 464464 444464 446464 mm*

¹4 864996 ’744796 6997 667396 666496 818118

Q 998225 931225 444444 4446441 446444 444444

...nm—uuna·-

48 19973874· 68 8974346676 9999673876 9669697676 9678696476 9647673476
8 ,484 444 444· 444 444 444
γ4 444464 644464 644464 646464 444344 444444 .
'0 944400 8484661 8344661 866466 8664661 814400

 

