9”1ν··-“”;··0··Μ’,’ ’“’ .

Moooossjgmo 7 40900 1 40900 1 40400 1 40400

’ . 0 9409099990

7 9669461 774449 694849· 674449 747647
· 9 44004 499444 49044 794944 904444 797

’9 706099 799999 749499 999499 997999 97979

’ ¹ 99 19409040949 9409099749 099969 991949
J 94, »940994 999994 949794 . 999994
99 ²⁰⁰²25⁶ 9999971 ’9449996 099999

*m*

’Ὗ 94 790996 609404 9Μν 99669
ἶ1 0666641 777490 4070901 460479 9979071 60670

’ Ι 99 ’,990949 ,994949 ,947949 499749 499949

90 740109.. Qu! 944900 994900 94990079449040909

m

991 790999 999999 994999· 974799 949904 999 949997
99, 940944 979944 9497004944 949909 944 991744 9999

77 , 44099 407064 ,. 477964Ἰ 9479647 694704 767964

Ἰ0094001 04944001, ·449400 ,·’747440 77440618 ’87ξὲ61661

’ 21' 690449- 604646 797946 799046 997646 096446
“ , 60 766474 774994 000604 949494 079004 6646076464
’ 47 749749 799949· 989749 944999 9434097969 667947
.· 44 ’990974 999974· 970974 9604094974, 099774 977776,

960000069994900794999499090497 909499 990499 679647

46 666676 099974 999074 ,994974 949474 994676
47 669747 676449 999999, ·- 944999 , 949999 497777
77 740794 994994 999094 947994 ’ 499994 9997
79 ,7466644- 996646 -mw ι0499949 904046 979746

, ’,’49490 499900 909900 Ι’994900 4907·

407946 977969 9. 9709697 : 649769 766966
, 777444 .667”76.4;Ι 6707040 746664 44794

697670 6046907. 794990. 827489 064669
7770961 7747967 799969 068996664966969
--60990070966691 790669 07667

Ι, ΜΨ

0”66,96.01’ 0797661666066163 6467661166 ””11’6’766 611611
77676464449699600044 606644 694644 699944 76944
· 999999 977909 794999 ·994799· ·490997

’ 909400 99 4009Ι 9974001 9974001 9994009 w

Χ

 

