· 46666 1 46766· 1 46866 1 46966
96 6894699966 6869646966 6866667766 6896669961689878666 6947966961

96 749964 446764 776664 199764 8669641 466611
89 869689 966889 898489 989989 996689 999611

··94 996696 997696 919966 79666 1889967496 46461

’ , 89 979669 486669 6866969669 996669 6696691 76666
’ 96 6869666696 694996 6467961 6689961 7966
¹ 87 649669 696969 , ¹799⁶9² 767969 694769 8666

11 669144 767744, 466644Ξ114944 619744 611111
89 969666 8666966, 996766 898966 466966 6848994111
499699 9686661 496696 984696 996669 148188

- 489986 99968ΓΤ66486 6896969686 69788 666911
ζ 678884 6864678464. 696864 69966 769664 966664
866849 16884916966491 4498411 9994491 998841

· 748888 648886 777696 966496 899696·
²95 888887 994819 869969 46666 9866691

980888 · 46191666 948466 497666· 6849966866 69691

, 7711 996969. 64499666499699 969669 ,
8888888884 989694 669664 6688941698494Ι 86869.
’891 8878881874891 694696 714491. 964696, 964991

11 43088 Ι 488881 49699 1 ..Μ-..149966 494661 49966

91 6849666996 ,6897666969 1866646699“687489996668899699996891188888
6 686666 696696 966496 976669 646896 8878881
6 6769849 789464 466894 6879969664 799694 484888
’.91 9981499 868699 499699,- 64698991 , 818499, 788881
4 944966 994966 999666 . 696466 967666 818888

4996699898946969 6766691-9696691999669·681881

11 966696 667696 798496 499696 68846898961 771888
.691949;·616449 944949 496149 467649 6
688964 699664 9966641 9868691 894484

7749116 3854511857017491 ⁶⁶9491 9699199996

’1911 869100 419999ἠ964669-79666 469666 669118

ΝΜ

16 946666 998966 696966. 846766 964966 18788

. 66 Ι6699994144 6447441 6769441919944 691744 16111·

· 53 611169. 7169669 34346948760159692 699669 6666161
,141 694196 1116996 449796 191696 776696

QAE²Q5 7888861 8139649 866669

16 6761962. 999476 6166766, 676676 949966
97 466699 9999679699 799989 964489 6889889869
69 6496641666η964-7977141449144 644764

9 6·’94966 648666. 881961 1

40 766469 994466 968

9997661669966 99888
1964991· 99118

 

