m

0 3697449999 3799699999 37399655ΞΞ”ἶ7ἶἶἶ9ΞΞδὸ-ἷῖἶῖἶῖἶῦἷὶἶῖἧῖἶῖἶῖἶῖἶ

933493 773693 3734943893 ’ 999993 649393 973401 ,, ¹

6 634894 899394 339694 436994 736494 3799996894
8 687409 987809 , ’408409 - “ 499009 809609 140409
4 769636 3796939436 ⁴ 291216. 983936 393336 339636
9

393939 399939 974939 669939 976939 997939 3 ’

mm

6· 934436 333696 4363361 743336 3733339336 396436
33693336349 ’ 363349 6 , 333349 343449 433349
4 999364. 333364 , Ἀ934364 333664 ·337364
9 333633 997933 933333 ·, 649633
39 364399 . 9363991 783399 3739939399 ’993399 73439

¹¹¹ 4661411 393333 376933 mmm ι’ ἒ

12 439944 633344- 933344 346344 333344 890944·

33 333369 363969 3733336369 339369 643369, 934369 - 3

14 ῑ393796 346396 339396 433396 7349963746637796
39 676339 939339 393339 499339 898339 144449

36 “ 798696 3797933896 48909 - 6 5'7825'6 891496 444696 ’
843989· 994439 967889 663389 974689 898989
948944 177144 490744 744844 1784097944· 891749 ,

39 3699999 363 399763 999963 337963 343363 474963 .

20 988499 943499 636499 939499 334499 99849

unat-mmmm

33 399384 997684 7839841734676484 890884 769484 ·

364939 399339 474149 808729

379843 439943 699343 999443 997643 643343 ¹
48 8897191 990849ι

24 433376 673936 943336 343376 333336 894176

391 9996391 799639 3736999639 939639 649639 ‚ 979639 ·

²⁶ 98807 898476 118476 ’ 468676 748876 3743999976 ·
37 669939 939939 ,· 396939 493739 897339 343939 ,
48 747984 4708008984 479184 974784 890884 4499.84
39 899443 986343 963943 697343 979643 999443

Ὶ8ο 933999 3689991 444999 73 999919799996999 993999

,938 999963 393963 937763 8399631 349363 476963
32 3799977334 994334 639634 937934

99 160229¹ 416889 698489 999989 .

34 343736 499336 33633 3733333336 · ,

99 9393391 983339 899339 396339 479339 339339 -
161 *4376961 664396. 943696Ι ’339396 336496 3936961 2 χ

493369 343369 3737334969 333369 639769 93336
971644 899344 397844 , 493444 739944 3743969644
’89 1 - 699441 993933 399733 1. 488933 896933. 344333
40 ·797699 999699 379699 ,973699 339699 33769

, ,, ,

83.

= 81, ι.

 

333434 339334 -

