··5 99. 4799 468991 ,44999 Ι 49999 Ι 49799 ·
7 44479774464444444979[4464647494 4476499497 44”“”6’4’”49ι7441449999499Ι
47 744744 979644Ι 744944 447444· 479694 749944
Ι64- 447469 4444999469 552765 644469 447969· 769 469
Ι64ι 464496 997696 979496 744796 446996 474496 . ,
64 447774 374774 44 47487741 474774Ι 674774 497225 ι .
’,9669 694 6Ι ,447746Ι 9’949’46Ι ’,749746 747746 ,474444
,67 496449 469969 4746994477647949 979499 744449 ‘
Ι-,64Ι 944994·Ι 677474 447494 9 7949744444774477 447777
ῥς ’7777947467 794467 44 767 44796ῐὲ 746767· 977467
5055- . 766977 977977 676967 4679661 2649008'050108890 ’

7¹ ·280241 5454050441 7946471.. ,474447 4447Ἶ7 ’777747
79 4944449 .447944 917444 696744 501184 325584
479999Ι 7 964499 4466949749 444799 519325 444525
6.44476 444976 747476 944676 747774 447774

’.ᾳ-744694 499694 964694 4474949694 444474 447474

¹{2297‘5 ἠ’-’666666 384476 766447Ἢῆ 494976
{gwy-‘⁶ 990329 755729 501129 2669696666697979 977479

744444777684· 444784, 678844· 464444· 77774414797744664
79 779747 976447 ·736641-522441' 4747 744744

ΙΙοΙ· 342400345508840-0--35449Lp6-404001²U6400¹ 777476·

’7649671 477767 743467 464464 496764
47 577124 4444944467989974 676449 644744 499444
44·Ι · 694449 449949 . 497619 994969Ι 499499 677449
44 ·44ι44ό 444644 64414649797777469 979946 744446
85 979474 676474 ·:4452255 7477744497647774 464774

46 4444466496 ,’·794796 46499 449796 444496 999,’;49
47 764969 944469 674769 466964 974469 4494799966
44. 747444 4446944944 796444 584144 497744 219344
539 398721 746477 974474· 767777 5059‘25 747777
97 476766 764776 44647477761 476766 628'5‘0 456100 ,

-ι-η-ι-α--υ-η-ι--μ--α-υαμσ

9'1 ⁶35481 381681 749447.. -..944747 ’ .746.·747· -

47 749464 499964 267664 4449946664 464464 699964

93 444749 474449 494449 474949· 947649,,, 47774

94 944646 744446 494746 · 99494644977777446·Ι 99964

9414444774674 447674 677644 476774 ’7747749464648677 ·

·’ 776476 969676 744476 .474776, 447776 ÷66446 . .
447499 4447997499 446699 646996 444499 944469

Ι94 455204 204804 974404 764664 474664 464764
·· 572601 499497 4469697777 447777 697477 477667

5544

· ··’4

 

