’ 44 “ 444404 484404 444904 -444404 ” 444704

-11-796001 79700 ,1 798031 7199001 80000 1 80449
44 6344688884 6448647084 687448448416490763484 6406764684 6444479844
44 ,444464 746464 744964 744464 744744 7404
x 6444007449 946041 904649 4 884449 444849 990449

466736 6379403436 6474064446 6494044446 6407044946 6443060741
346049 ¹ ²⁶5025 Ι444049 409044 404043 · 221025

’ , 444446 383746 364946 964446 881816
47 4 484009 444409 444109 444469 44419
4 48 ἡ104904 744404 704404 644704 644304 404994
· 9 964404 903004 864804 · 844604 844404 864111
344444700 6460064404916-376ομςοο 689400440016408004ςο016444041811

5¹ ‘32818011 moos 484404 464404 ¹ 464604 484841
88- 1660409, 444009 404609 484409 mm! 1611001
54 ” 789716, 700446Ἰ 664446 644446’·“ 644946 668811
,661 919016 ’8600494 ,844044 804044 804044 844918

46 644407644664640494461 960746 964946 4

118 , 8964641 ,
49 446444 496044 449444 ’444644 444444 ,111
60 74ς600 647600 649600 604600 60460οΙ,

64 874944 847444 7799477644441

» 47 6446044444 976644· 949044 944444· 044844

64 · 494469 0464446469 6478099769 6404084469 4440043949 4446406414
644 8448961,494696ῖ 498496, 444496 24409( 466896

. 6411 numum 448444· 404449 4944941910]

ῄ6611, 674446 6447464* 377934 3644461, ,344334 744446

- ·- 67 140619 Ι774419 747649 744040 744499, 744111

’4662 994444 916144 197444, 864044 444644Ι 901111
69 684744936416363094464 6879047464 6394040964 64440447646447111161
70 108900 ’444900 446900,; 400900 404900 111911

Μ

ΜΝ
741 18118141, ’4114441 976644* 460844 369044, 489441
741 647444Ι 474944 446444γ 440784 ’444444 444411
741 786940 74444ος 494449. ,440749ι ⁶853292 703449
741 946476 444076· 449470, 440074 443470. 474471
741 684116464816814040634 ’6810044644 ’6896000649 6444007043 6448011111

mmm *w

711 464976 4404761 4744761 460476γ 463776 181816
444449 469749 444449, 849449 444949 811116
- 444684 4494841 494684 4804841 486481 ,nm
79 . 744044Ἰ 688844 644644·’ 640444 646444] 68116Ι
80 904400 ‚ 848400 ’8444001 ’8004001 806400 88

l

 

