*unfit—:nam

64116766767644 6777767644 6776676944 6666676644 6644666444 6664646644
74 6694746441 64946 · 464664 ·· 7446ῑ44’1 444464· 946744 ’ ’· .
67 466467 744764 · 667767·· 647767“ 438529 66666774674
’ · ’444776 449476
676667 667667

477676 6766674676 766676 4644761 776676 774676
··..664467 476767· 6··’74767 6676664 ·666 29·
7664646 ·44.4974 797474. ’67477 6· 764 s 7744
697 444644 44744 974444 479644 4674447474· 679644
3⁰ss · 74676 v 4467οομ7οτοοεοοο 784766 4677667 776766 Ι

ἰι-ι*

444444 4796644 494674
444677 7994467·’·

467464 667644
331 676687. 76 84 ι
64 447946 67 6 ’4444767664967446 ’
7,7 447667 7666671 777667 44 4671 744667

7611 648476 6764667676 646676 669676 647676
47 644767 494469 744469 444769 ’444469
38 4759044 4966441-454244 474444 4477677444’ ,

4 8⁶43210402124 949744 ··447744 444464
4ο 767666 767666 6766667666 644666 744666

44 4774674664 647664 474664 747484 7476641 764664
46 .466464 744464 476966· 644464 476764 4444774464
44 464447 444749 444649 ’764447 447447 477449

ww! ιιῑῐῑῖ1Ἷῑῖιῖ

,474447 2 7

4444499444 .’

44· ,499746 949444 4444464444667474 ⁶⁶593⁶ 644746Λ
44 .4960444764ο44764 494764 ’474774 ἱ777644 677667, ·

⁵4⁶ , 667746 447776 ἓ997761 - 677773““’ῒ“7ξῑῖῐῑ--·-ΞΞΞΞῙ. ι ,
141444 - 664 ,444 44647771 447
47 747664 477664 4777646664 776664 · 476464 646464

50 6776666766 766766 466766 7674667 764766 76674

74 1 467464 6676641.·66664 666764 466664 6667666664,

761 ²33¹04 771706 397904 964104 764704 ¹35¹⁰4

53 776467 6776671477667 6664676467 646667 644467 s
447746 764746 747746 466446 766746 747746
Α747667 67676466671 674667 676667 677667 474667

’461”””644446 474446 *750736 447746ι 947446 746774
47179647 4494647 664449 444449 4444744447 647447
74 444764 496764 967464· 449764 , 444764 774764
77 776664 747664 6774677664 677684 647484 879281

ω6777677666· 6476667 476676 764666 767666 767666

Ee'z

 

