Μ

77¹7 3871461841 3883997041 8896861141 5998575441 9911989641 9999919841
171111 11111471141111111191111411,111111 1114141114
11 711711, 11111111111 111111 ,141111 174711
9-14 ·111171’111971’ἱ·711771 111176 ’711171 111176
7257 1111114-,11111 116611 111111 ‹550625 411111

’*““““““““*“““““““““’“““““ ···-*···*st

,116 1874679676 996176 7897669476, ’.,’9666769911649176,· ,991676
'727 199949 69419 ,. 49 ,’ -649 , ’]
7:777 111911 779811μ ”,ῖ ’· ·,

5444441¹ 11111 ’,;. ’- , ’· ..·ῖ117411ἶ
Q* 17 66611 1441111 1111116116-161111 1111614666

317 697961 199961, 649761 149 61 6·4416ι 178161,
’974 841944 478419] 794644,Ι ,849114 767419] '303827

11 11’1’111·· 111111 171411716911 1641119111118
11] 1117467691 1171 11 116141112111871 1111111711 ²55’4756¹
..111 2-*55455 ⁶52 25 1111113.8416ι6 ..14111 616118.

174419 441111 111111 171111 171111 11171 531165]
71 1111411166641411 111111] 1111111414 111141 1111111111
,9,9, 699141 196941 ,6,48741· 146941 41 18414ιῖ

917666 479666’ 7996667.”..4116661 76966 ,3444666

ᾃθῄ-*μ

111 141 11 411111-171411. ’171111 194111· 797614,
’44 9874666864· 114964 9869669964·’ 961714 7944646164· 998964]

,111111 111111ἰ111141,646141, 141111 ,1611111
18 111111 771111 ’ῑ111111 ’711111 171716 ¹7509535
,41 4111111111111471111,144611 116611. 479649

464 964916 9887649716 764916 99146641 · 9-,419467 97746691(
471 611111] 111411. ’117111 117111] 141117] 416668
5577 111114 171111 7'52704 111114 771111 444964

3677 919696 776896 4949969,” 7914969 468 977 861696]

41 111111 111111 177111 177411 117461 477664
5073875062500 52250039000025007 964966 39250225007 964966·

,Γυνή-*Μ*- avt-W- ···-····—

771 187661 647161 147461 6476611 447967 688001*
991 111611, 771111 111111 711714 ,171111 111964
891 411111 111111· 177111 177111 ’111419 ’·749669
94 9669161888641916 964116 8919664916· 947716 7978684978
55 689649 146649 647649 148649 ’64474749 1900257
7⁶ 111 ..1111 111 11486
fig 914911 9 8] '³³OE ’,49 9
{fg 967666 769666 491666

”““““”“ , Kkz

1171111164 4111111111111764 1111117171111111, 16964,

,189681 744881 116681 , 618981’,, [799481 694681

¹753600 471666 817666

 

