, . 1 Ι6677767666
22 8776849766676684 664484 468884 , “967684

23 9996647769· 666969 466769 'x 676669 8677699878886769 ¹
24 . 678676 466776. 668776 ’867776667668676 ‘ 76667 ’
67 476667· 6676671 866667196466676671 ,6606666 801688,

*a

66 6666767 ’797476 996676 s 667876 ’447676 698676
667 866666 6866669666684766 466666 a 667666 890929¹
1²⁸ 9677667784 9666686684 876764 ,796784 8679849879688784
69 697646 777646 , ’768846 -7846419260020441 “676646
;76; 7889661 764966 7669666 976966 666966 468966
’76 786766Ι 776766 976966 7646669666 Ι4677616 666766
76 766664 6486646886847664 ’ 666464 667864 874664ι

111 ’74766717646661 766667 938225926117fflffl .

W·

³⁶! ’768876 766466 6666666646666466 867866 664866

66 766766 7676666666667666 666666 666666 867766 s,
3⁸ 6666446664666844 ,667444 767644 7766446688666644 ’·
4999887667966 696766 489766 767766 ,947666 666966 ,
746 767666 487666 686666 899666 7666677666 797666

’ *mma-um

ww& - 677486 8776869647696886 776676
1 867764 9664667764

6668866666646486 687686 ’776686 7666867686648666 1 ’

6784677776 666676 ,6666676 747676 «686776 ,666776

676676 449986 052736·.90753⁶928216633 a
147 6646671 447667 646667 8666679667666667 ” 779667 ·,

646, 479766 694966 8846669644677766 696766 776766

47 - ,647466 846896 6647666666 - 647666 486666 744466

146Ι 8667649666668764 κ·6ι87646·ζ·7467864· 677764 967664 ·
149 9687676866 666666 466466 676666 8766669887669666, ’
’ 466766· 666766 86676 9864666766 766766

’76 464666 5944011' 794666 9647664866 677666 767666
¹52 ⁴⁶05⁹04 786664 6867641 666664 447764 667664
966, 797609 ” 9782 9²³⁶¹788⁰9· 77946 'v 640009 966669
54‘ 99997 9667676666 »776966 796766 876766 9684697766

559188333-035' 8660661 563025 784667 9667667667 Ι686667

76177676 777666, ,667666 ,676776 »677766 478778 ·
77 764446 747846 647646 6646668646 466646 Ι676446

{g 75⁶1⁶4 987764 96676778641 7669641 666764 764664 ,
8

647886 6668666686 666486 777686 7679866687676886
o 96896796664· 766666 76766 ·· ’7476661 ’987666 6476 g

 

