7 κ’ · ι

⁸ ΙΙ 97400 Ι 77706.Ι’ 77600 Ι 77700 Ι 97900 Ι 77900
· 71 771911141 777467441 761919641 761477141 774661641 779797747
11 964094 466414 974114 769164 669694 479094
17 7716111919 717719 7696911119 764719 119919 697919
’14 677776· 776776 697976 616176 174976 749774
77 776677 6776771 7406771 677677 770677 707477

96 797476 6906761 797976 777076 796776 747474
’17. 149119 766719 ,161119 766619 641919 917619
16 197114 796714 966914 141914 997714 9797
19 › . 776641 . 147941 761641 197441 479141 79007969
7ο 404904 900900 476966 977900 709960 4774900

77 774674 779077074 77747 067974 676774 79447
77 769499 066699 “ 797699 779799 677999 77747
94 614796 111176 677976Ι

'35 679117 776777 697777

769 774096 777796Ι 749496 797696, 947996

97 799949 794949 Ι167769 941169 191769 477969
’ 79 949144 741444 179644 996644. 974144 771
79 199711 776711 914711 471111 777669911 717711
40 977600 477600 969600 707600 667606 647600

W m

706697 764074997 767097 777797 699499

174776 771776 907794

2 . ΙΙ ⁶ 477469 79707409

7977οι4Ι 191904 411904 611104· 11917
447607 947407 467707 770007007 766907 746667

,· 7077 Ι7790477700 777700 067766 67770οΙ 707744 ’
777497 077607 677667 679007 679707 , 779467
, 417664 77776 679164 179764 777964 974794
667769Ι ,767909 699409 779009 719669 770769 ’
777776 747776 794776 646916 ’
777617 171617 799617 946617 961617Ι

. 76 191996 777196 174796 799774 ’994994 997994
7 996949 999749 969649 471649 776611449 797149
. 7 941764 449764 964964Ι 766764 661164 7
5⁹ 996697 499497 767076797 767097 Ι777997 7047677
66 774671666 777666 177666 477409 779400

77797

 

