11 47711 711014 01141 170114 751114 155114

17 517115 155515 104515 515115 751715 151115 ,·
14 711571 117771 171571 517171 111171 151571 .
79 690679 409679 706679 91707967 190679 709679 ·

11 Ξ’1711719 451471 141171 Μ’”“”ἶ6ἶἱ76”““”“6666ἧ16““”“7ἶῖἶ76 *v · s

77919674400479 977774747 997977647997700144799966961147 9979770147

17 711515 551117 151715 111117 547515 151515
11 777514 545114 144714 710114 555514 111714
79 177747 997047 Ι,997947 701647 587044441 900747

30 161900 644900 440900 796900 097900 941900 - ·

976967 697767 488961 909767 747967 997967 4
964614 746614 547614 999474 719174 997046774 ,
9961071119 711419 919019 4407619 791799 094199 ,

015711 111151 111171 445511 . 171751 , 1

,.2.....3⁰⁷²²⁵ 884225 617779 491779 999779

7171 154151 511551 715151 141471 , 717151 4 , 141151
17 107715 175515 777115 154715 411115 · 151515,
11 155144 971517144 115444 141144 415144 111144
99 797977 , 079777 179977 697977 979777 996977

40 949600 779600 977600 799600 977100 435600 7 ¹

4¹ Ι ·999797 ·777497 969117 797117 676097 494717
440964 779964 978517764 816164 674164 716964
· 411140 117145 111145 114445 Ι7150451

571111 779191 711511 517771 777791 661145 ,

690996

’ 914079 96 079 767079 997079 970079 ⁶79025

¹ 179409 451155 151155 077155 517001 771409 · 4
777704 ’766764 306304 169964 967764 179704
774107 554151 154451 174111 711014007 177107
177900 607905 4661666 777900. 067900 977900

⁸⁸-

51L 1707079 696466 496666 170901 177007 977907

46

49
90

¹ ἱ’9911977779 470976 770771 999079966 4433?3“''*’333353

967964 698304 498704 369664 199904 999079904 4

91910 741155 141155 117455 111005 011109’
969079976 794666 194966 469766 ²5⁶51⁶ , ¹¹7316
99 067079 147079 649079’ 464079 909079

96 108796 899996 697796 5¹23} 353535 ²147w ·
9799 Μ6764499 9676461ἷ 7996491 9606497 407049 , ¹⁶3449 .“

97
53
54

71 104114 515764 717114 101014 410514 977717
99 797·111 574511111· 115411 157111 495017. 910117
60 109600 ’087660 4996001 709900 9774007 4006w

Ἥκω-ψ’ ’

44 7 ¹

 

