Μ*

0 991960000. 1004190000 1011140000 1017610000 1014000000 1030410000 4
1· 619101 999401 909601 679101 064001 474101

1 616404 1009016104 967104 · 797604 111004 991404

9 749609 010109 490109 101409.191009 -

4 111116 149616 494416 169116196016

19 176019 107019 991019 919019 910019

Ι9191161 119419 611616 991116
9199999140 111149 6111491911916941 ¹'948'059
069664 997164 741164 110464’ 911064
111111 460611 111411 114111 176611
10 191100 914100 176100 ’ 141100 640100 1091091100

*mm—nubt-

111 111111 117111 919711 111911 104111 116411 ·
11 111144 9199441911991144 111144 161144 119144 ’
11 111769 114169 196969 419199 111169 144169

14 44499 111119 119196 191199 196199 191999

19 Μ901119 1411199 194119 967119 960119 979119

anau-w

16 9 9714961 904696 197196 691096 1019014196 -497496 -’

17 694619 961019 911419 694119 011119 901619 ³
’11 6979141196911114 111114 711714 111114 191914 ’

19 761161 094961 441761 111961 116961 690161

10 114400 155229-- 911400 116400 2555935sstssw 694400
119 117641 111141 976041 990141 444441· 791641
111 1 41 1
114
25

99011 111114 699614 1019014014 401414 111114
1000014109 348729 703329

077976 411176 766976

140611 471919 190619 191611 600619 1091019619 - ,

{3525 191176 119916 194176 169476 664616 619116

971919 471119 117119
141779 119176 911176

197119 601119 917919 111119 711119 144119 . κ
911 119114 9619141911611114 197114 701714· 101914
393651 70944Ι 085241 46¹041 196141 1716419 · x

101 416900 791900 141900 114900 910900 996900

91 *910161.196961 111961 5887⁶1 914961 401161
91 919444 919114 176114 652624 1016049014 469414 ,
33 646610 090110 110110 716419 111019 119919. - .
141 791916 1197046116 411116 719119 171116 111916
351! 7 7911 110225 467119 144119 141119 69111

1611 1164161 111699 119116 99191ΓἻ91116 7114069

7 199169. 117169 ,194199 911991· 169161 716160
9 961944 199644 6111441919911114·411444111944
1001016911 964111 711911 099711 497911 919 321
osssmwo 4179091 111699 161690 161600 *9795005

1

 

9 - 111 · · , 1 ,αἱ,4.1.;ζι;40;ᾱμὲιιιι 1“Ϊο

