Ι 968661 969669 996661 99966 999669 99909
89 9988896969 999966996919669968969 9699494769 9699746969 9646667969
89 -999999 “ 864999 ’999999 999899 899494 ’999999
99 9999999689 966989 499699 ·999989 999699 ,. 999999
99 989996 ..968999 999999 999896 9699998696 999999
99· 989999 499999 699999 994999 999999 499999

Ἴ {8499ss 5⁷²¹9⁶ 7799969696666996 999796 996996
99 999999, 999969 -· 999999 998969 ⁶ 999999 ,699999
99 999944 996999’ 999999 999999 498994 996999
90

’99 696999 8799999696699999 ,999999 969999- ,999499
799966 ,986966 988966 496966 664966 8999966·

W

⁷⁹¹¹ '89388112606082081 996989 ’998488 ’7666898649984689
999 mmm 999699 999999 999869 869969 4999699
999 9999999449 - 999999 4996 999949 999849 999449
994 - 999996 988696 “ 996886 . 89968666810744886 ¹341236

’8 898999 496699 699699 998699 9779699 449699

’96 = 469896 999696 869996 9699696496 , 979696 948896
97 964669 694669 969469 999869 ’889969 699699
99 669994 ’ 996999 9699999699 98999 494999 999999
999 768969 898969 ¹ 107801 997669

9 m

,689499 899999

st sm*

4 6 9649966666 9699996666 mmawzmmo 9689946666 9499696666
ἰ ’9649669869 999669 669969 9494Ἷ 949669 mum

9 969699 499999 969999 9699996999 499994 999694
9 969999 999999 869998 999999 999899 999499
4 979996 669696 979896 ,898696 694496 9694699996
9 999999 999999 9669696699 999999 999699 999699

...ιιι-9- *unam-*nq-
9 998999 999699 9999968 999996· 969999 ·999996
99 999649 999949 989499 999999 969989 996648,
8 789464 9699674964 989664· 7979648684968864

9 885281' 999699 499999 999689 ,999999 94499
96 988966 986966 99966 994966 976966 6489,

9999649696999 999999 699999 9674697999 Ι 9997999 7991999Ι
¹² 999999 999999 999999 999949 989999 9999
999 999969 989969 999999 994969 986999 99996
999.. 899999 ,699996 9669999499 999996 ,6999999699999999
99 999999 ,999999 998999 449999 999999 969999

ιι*

96 669696 ,

9 767889 9694669989 994689
98 896794 1 964994 497994
99 ’,999969 ,967969 Δ’,999969
96, 9644696466 996466 694466

 

