’96366 96966 Ι 97666 Ι 97366 Ι 997366 Ι 97966 .

44 3434433444 3444477444 3433673644 3463696333
44 3434444364 334364 743364 363344
3 446643 363443 363343 933449

· 446336 643436 3434647336 436736
43 334643 333643 4346433 943639

9379393696363
Ι34 443364
33 463663
34 333346
33 434643

436463 336663
630364 930704
044409 3166044009
736336 333936
373639 339649

361104
463463
679710
699639

664796

941049
34 334464 463364 6433643463636364
33 343444 347611 743444 434444
66 9399699666 443666 349666· 369666

04 , ²87044 009444 3496673344
63 466363 343366- 333939
04 614490· 697396 966696
’06 010116 3146011416’ 434339
66 743996 339396
Ι63 433644 433643
164 363444 333644 736644 336334
69 9394639363 966964 376763 39496 3

164 473344 333344 333344Ι

70 190900 600900 964900 406900 633966

73 936443Ι 694343 9397699643
7² 4²4³84 606764 ²¹3¹84
73 993339 933369 933939
74 693676 3346696676 443476 366376
73 763643 436643 333643 436433

36 433376 4643361 663776 3463634376
7ἓ 333443 373343 733ΖΙ 443343

939343
761919

74 3433466334 494434 39 434 937434
79 336643

36 994466

666443 939363 343 ·

- 493644-
7364669ν 336

3 667400

mun- ·
4⁶77¹⁶ 846316 346336 669933 9377364936

47 334463 366463 ’366463 773663 “·

44 633464 3443634764 434364 333364

44¹ 363363 363663 333463 9666663363 1

Ι96 933966 963966 763966 333966 . · ·

236801:

379911

4944 ‘⁸ ¹
33336οΙ,ΙῚ ’
697339

93633 993996
64443Ι3343643339Ι

697364 9336633934

3170661061 9337990333

446344 3333464364
,339649
334336

, 443643 ,

763699 .

676630
96669Δ

677663

791604
966669 x

6676060336Ι

issoni¹

¹2544'
646464

364643
473364

6930343496694333 ,

767666
633333

369666

366339 74322

m

694760
669409 97463“
639339 939363743Ι
736301 367163

31696

907441 493643

396939 66333
933676
439639 39663

346436 „93553353

-034749 33633 · “

709444
633343
96400

’ ’666
664

 

334933 2'2

86796 ·

’134633 1 .’
77707· ’ ·

