3⁸⁸-ss-71200 Ι 76900 Ι 99400 Ι 79900 Ι 99600 Ι“ 79900

..ιιι-ιο·-

46 969968668619ΜΜ4ᾙ68Ἶ
46 466964“ 686964 999964 ,699964 996664 96496

49 969649 869649 9664666649 466849 969449 9649698649 .

'44¹ 707686 966996 Ι649696 949996 8⁶2÷⁷³⁶sf20153b
1{][„„,⁸500²5 5090109025 , 388025 968706619939006099 949099

Μ

¹4⁶ 999996 .999796 990996 890996 “ 949996 ,ῃ 488996 ,
647 9696699669 994469 698869 «999669 ’696669 696669
;48 699964 999664 8669649669666964 499964 999964 · .·
5491 490009 ’ 699809 999604 999409 979909 999009 -
9994- 969900 899900 9909909900 409900 799900 9948069900

mmm-nuum*-

96 -709009 · 969909 949409 949609 869809 906009· .
96 847904 9099907904 888904 . 688904 9984609604 8496049“’ .
69 990009 990609 999909 899809 999409 , 499009
,64 6077999996 999996 694996 994996 999996 696996

661 979099 996099 9970999990998099 499099 780099. ι, 6 s

Vm

’469996 698996 999996 666696 986996 969996

99 966649 866449 5196102849⁴ 464649 969649 9649069649·
98 966964 964664 649964 949964 969964 990744 , s*
⁷59 ,849096 9696666889 498699 ’,696486 9699666686 994684

160 , 987600 949600 989600 , 899600 , 999600 1 '497600

--U-u-n-ffl——mm *nummus—aqu·—

’,6619698696666 996966 , 694966 996966 694966Ἑ 646666

966, ’· 696644 999644 « 869444 9999999844 446644
69 499969 677769 960969 969969 “ 989969
⁶4 . 999696 890496 9909909996 406096 798896
69 760999 Ι 969999 946999 949999 Ι879999

m

784644 ,
998969 .
9900796964 · z
66 8469969699669996 989696 ’6969969696669996 998996 ⁴
69 989989 948689 , 999089 886489 · 968889 909989
ζ68 9079997894 999494 679094 , 978694 909994 649894
969 990969 994969 897969 9999999969 445561 ¹ ‘789361 ’

70 Ι 499900 676900 9609001 964900 988900 999900 .

..m—*mmmm -Μ

999999’ .

676 999449 8996469908669849 468646 - “”ἶῖἷῖ4ἶῖἶ9ἶ37844ἶ s „

72 699994 966984 946984· 9999946 999984 669984
79 646969 6694669660 989969 6949699699668969 969969 ,
94 989696 649896 996696 899496 666696 969696
79 90809996991 990699 ‘ 699699 06980699· 909699 690699

Μ W

96 668696 “’999996 89899619669668996 448996 994696 ‘ '
77 490799 696999 969999 966999 „ 592329 937729
999984, 898884 9909904484 490084 789684 9999089984
Z] 699846 966646 649446 999646 899646 664846
801 898400 90999044004 990400 ·696400 9998099400 968400
mmm-qm

.pp “““““““

 

