⁸ Ἥοω 1. 444999 44969 ἰ· 699ὀό Τῖ6496 9 7““7““““ 1

μ

Μ

· m³nummuumnnnwwuwnwffvnmmnwuwnmffl
47 979794 494494 499694 799964 467764 6694

44 · 969449 -996449 447949 . 996949 664749 4644

44 7769466999 744799 , 9996999494944999 u. 7⁰¹13⁶ 999

461 ’ . 444946 644946 476676 499676 7776771 979

ἶῑξξ“““’ἶῖῐῖἷῖἶ”“””ἷῖἷῖὶ9 699449 466749 994949 994

’ 47 464499 9744979999 749999 974499 9449964499 , 7949
49 449994 449694 449494 467794 66

Α49
50 802500

anu—*nunu*-

679994

676464 999494 949994 666766 777666 499

477666 7797667666 η...777666 4676667471444ἧ

295504 955904 666764 7767
440009 9406077669 7677691 466194
646649 769746 776776 svm}

64 9979994794 = 966494
. 69 469699 774499
64 . 266916 497776
- 66 94994619944994946

67 978667 ww&- 19997641 679464 777197

..η-646677 766676 ,997676 69744
g 66 499476 7767761Ι 767676 4777767477767976 16479
57 ‘Um' ²3⁶⁶49 878049 649449 ’476449 44444

64 794994 964994 994694 969494 9977919993ἐὲι

69 647467 4697877794777697 777497 464697 mm

6611 967666 696666 777666 6799666 674666

W

94 9974979744 794944 944444 7466666974 699674 999744

94 496444 ⁴ 444444 499944 677644 767444 96794

99 944996· 994699 677469 779769 1,, 977769 67499

. 94 4449999949969499 996696 7764967469999766 7499
04 544225 ¹67·225 810225 477776 766776 1669417

7 ρ

, 66 666766 749669 676766 479966 ’ 777766 4166
67 779449 799649 6996949449 799969 ’9966999499999
64 897674 676774“ 159824 877474 6676744 7794
⁶9 3³72008761 677667 776767 946767Ι 677767 77774]

7ο 774966 746966 ³⁹²⁹⁰⁰³4⁰⁷⁰5⁶9⁰⁰fflffl⁹Ly

74 444044 865241 509441 777647 ,6671947 694044
ἦ 74 967494 944644 · 946944 499994 974794 979
79 469949 9944997949 744649 497449 9449994749 7944
74 649476 774776 869676 677676 7699676 47143

79 444779 449979 9799994479 767979 444679 4444
, - 77 997949 699949 494749 474449 969649 4444
74ηυ699 &wa unu 999 &uu 99
79 476747 796644 4418413408107641 797447 -4644μ
46 796466 977496 666466 7744661 ’946469 94

 

