64666 Ι 647661, 64966 Γ 3491204 ,⁶5900 697671

“ 67 4797644977 479996777714766949977 4779997977479799977714749999974
67 ’774744 4794776644 4767679644 4776667444 4799669644 4146666777
· 606669 166169 106769 ,7797969 799969 776769
447696 ’777696 776496 977796 974696 9477
606116 · Ι494779 477·

wrm-n·

⁶⁶ 697776 674776 797976 977776 774776 6677,
’67 676669 764769 717669 777669 774469 y

' π67 ,976774 696174 677474 747674 -744674

’ 77 796979 Ι747779 ,796779 49677·

69 47116797674797777767 967767 976967 -974767

0 7669667 : 17979661416677696647777669664794764966 47477ὶὲ66,

. 77 6999747 7974479 Ι746647 79694777» 799647 799779
77 γ467664 477964 676964 96677467 969794 999777
74 ‚· 776776 677676 699676 · ‘mnf' 233ss 66666
76 666676 606616 ’769679 ,796679 799679 Q

., ¹ 76 1974976 979776751197776·Ι 669776 777776 97976

² 77 4166114319 4196069719 4109016119 4777676979 4799679979 4749641616
76 749664 769764 794664 746494 746674· 777677
79 - 979647· 976647 ’764647 776447 776747 967697

19 767466 Ι446466 ,474466 466466 467467 mm
67 76977674 977967 944767 19969679969677 967767

. 9ο

97 ,767774 .’ 767974 679974 666974 666774 699719
771·Ι 799419 677679 699669 7973ξὲ 796779 677477

“ · Γ · 777744 ’474944
⁸⁹ 666711 ⁶¹4521 582321 Ι976777 ’977977 96977
796100 ,744766 777766 766766 7697669 73⁶

97 979467 ,676667Ἰ 647667 696667- 699767 966411
, 91 4767674664 4191666764 977664 966964 966464 996
97 764749 - 161649, 4777767449 4774999649 4777996649 47 767776
94 979696 767496 797796, ’776696 ,476696 796

96 446016 691679 967679 996679 9996797 79966

96 , 977476 977676 496676 466676 469776 47996
97 777669 697769 676669 676669 , ’679469 747
gg! ‘am' 780804‘ 750404 749694 749694 neq

976467 v 666767 676667 7 979667 4796

un

 

