ἶ’8 6966788869 8780076769 788769 · 977769·’· 97796 -· 99
164 674896 ¹ 777696 8999778496 9078767796 9097764096 9096786696
167 ·467777 407777 7687771 977777 774777 777777.

mmmmm 9077797777 71 9077677977 ¹
6611 694644 6844401 799644 766444 muti '· ⁸02}ae
66χ ww ⁵

67 440779 774777 747667 776767 734477Ι 777877.
·8 8967070774

691 ·. 779767
701 · 408900
77

“ ,798747 ·747447 706647 ’490847 497047 779747·
766, 767764 776764 676764 6767764· ’667664 ’777774
73 · 776767 766767· ’ 886677 677767 677777 ’ 677767
74 6963666676 6986777076 9007077876 9070060676 9079067476 9078090776
78 1·6776668 -900677 767677 770677 777877 · 780677

mun—nunnun-

77, 764869 ,679769 ‘² ⁶45¹29 ⁶305²9 687969 666369 .
76 767664 667664·Ἰ 774874 ·670484 776074 777674
’77 896477 7047 8987078847 9007074647 9077070447 9046076747 9099047047
801. 707400 748400 ,774400 700400· 706400 «797400

66 · 476766 477766 Ι704666. 770766 ’376766 477766
66 666664 ’677764 777764· 740774 776774 ‘mu
86 676467 1*677089 .777687 770787 776879 ··807487 A

4477777 ,777777,,74747047774747446 »
77790 77690016 900900 704900· „Q

744776 Wf'i'mw 440776 4477761 477776 “

84 89690798768984006676 979476 960776 967076 998896

85 249225 196225 9009769774 9022150225 9041677777 9060784777

m

w
66 476776Ι 7777761 776776 6476761 747776 774776
67 7677767· 777767 746767 737667 777767 764767
768 767744 ·“ 764744 776744 770644 777744 777744
6716766776766 774766 777766 767676 767766 747776
901 796700 8987744700 9004777700 9077700700 904770870019067776700

377687 707887Ι 7900871 798787 776487
1 774664 767664 476664· 470064 466464 766764

9²
66 777676 777476 676676 760076 866876 677676

Μ74407417976097074 9449047077 9⁰²4050025QQQQ

9⁶²· 332416 0281616 770876 740076 ²49²1⁶¹27841⁶ »

· 764749 774749 676447 677047 676647 777747

 

97 776677 ’7476667 447677 477777 477477κ 466667·
97 1777704 Ι660804 670404 670004 679604 679704

modo! 870407 870707· 870097 979997, 849601

„ “ 0667

s

 

