, · ¹ 11 46606 1 46360 1 463601 463001 ,464661 46306 1
’ , 43 733977363333789938837333030033734747778333367664333364064693 .
ζ 3 863764 7379084364 3²²5⁶4 383964 859364 337764
43 337343 676443 463643 673643 337743 ·636343
44 3330043336 663736 36733 766336 7677643636 343336
κ 43 347633 ,363073 606033 ,839073 3686731; 437033

,4611 639676 433366 6313696 337776““””“”“” 736366* 330.““““Τ3

,· , 4711 3²2⁰ 545 755002158044405 363363 333303
43 463364 637 3773 637764 466 773304

· · , 49 336403 736766 970663 339863; 309603 309407,
·36 6033· 837966 3339063300 3333661 600300 902500

·33 · 694663 934663 333663 433’]363 ’,693403 9⁹5⁶0¹
37 ,736764 7676667664 647764 367364 733364 3307033704 ,

“ ,38 678809 099409 840009 600609 883769 181805
, , 34 776316 ’31776 43736 633376 574115 374033
,39 3773063073  784673 373033 79-66737337067633 969039

36 ¹5515⁶ 776336 667336 ww* 4⁶1136

J 555 747749 --468649 710049 973449 ²52849 554249
33 333364 366364 366364 6743664764 343764 647364

· {55 4³148¹ ⁸ 655281 333637 736736· 43363Ι 746433
’60 973660 743666 987660 749600 333660 973600

*·.·-*Ἢρ-

’..31...9337738379737340630333 347333 634333 936733
’ 737344 336644 776644· 433644 7174446663613344
-799969 73 33073369 363369 3.“77769 836369 337969
, 793096 334896 , 337696 630496 903396 706096
·· ἰ 934773 367773 436773 -7333731996773 799373

*m

·33333076336 733336ι 542756 ι3633366633333736 336336
37 2605524·¹ 43466] ⁷ Ι

333334 637334 366334. 646734 333734
73 = 7²1355 343373· 666343 455125 73572 6763644343
74·”· 3134767636633776 733676 347376 337676 337473

7⁶125¹214109544¹ 763646 333347 333647
73 ,’ 903633 130'655': 373673· 646679· 973636 330633·

77 6663633363 373363 366763 376773 Η7373 433333

34, 467633 633634 343334 764434 376674
73 A 674746 5055415‘5 743346 76166664 637446 663646 ·
·33 369400· 393400. 833466 ,3004061 396460 696430

73. 307773 733376 4033769 7333796666673376 363776

 

