“⁸OEU umwsmw mszfflffifffiff
77 644182812116457890321 ⁶47397²5²¹ 6499974777 6996796977 6977339777 Ι
7 71974474976716446474197444 79794 977744 499744
³.wmm ssffl⁹www mm nmo ww
4 799 mm um⁶5mff mm nmo
7 476117 777117 6161171 1719117 941117 Q

’61 · 639796 699990 777176 889396 6997993996 6779746796

17 791789 ,” 874089 9980996491947489 · 764889 398789 ’
19 971914 64796174146477699614 761974 777774 49477
16443777367· 776761 799967 463787 487561 ⁶313ss
0 172900 390900 4169001 7749661 ζ 648996 797969

1 . 497441 497641 791747 , 676641 7777747 ⁹5 7
² 7 893984 678984 741784 847184 977984697417994
7 774719 919119 967719 6491669719 6769191919 177719
74 917676 979976 6476664676 169476 194176, 499976
91 6444679679 6469749679Μ-,7796791 339679 499679 699679
77 976719 461119 47719 671919 779719, 919719
8 997784 677894 · 898494 874984 9396846979989784
9 717941 799641 969441 977141 6769161141 146941

878499 944499 6477979499 649 3 7 46499 767499 498499

80
-n--W

74716449Ξῇ7 64677997671 „mul 797967 -479767 969967

ν Μό 886976 497776 ,676976 767776

74 199714 167914 971914
89 369999 476689 ,978789
74 716676 797476 674176 777976 967976 6716674676
89 6877771 748779 889779 947779 6979969779

76 747776 967996 996196 6494169996 176796 977796
77 6447777999 6461669769 6477177169 164769 991969 799969
44 747944 176744 919144 417744 779744 766944
79 917711 991711 479111 796911 774777 777977
909 484799 · 997799 649799 748797 87679916977974799

..naun-ww

9¹ ’644687 777987 897987 99979716977997481 789687
9² 899764 878664 967964 6499979464- 798864 347764
9³ 779749646969444976479119649 191649 ,766149 997949
9464477764ςό 799746 784936 397876 971636 679476
978 777617 776677 · 447617 774617 697617 991617

ῃΜἼῙῖἾἻῆ-ἶό 844416 993676

619999 746479 · 7737779

97 698799 677699 767999 876499 6977967899 6978799799
77 767764 999464 919664 6496697664 167164 7797 ·
Ι,9.9ψωωξ794171 9997616486689991 ·798897 378697 79401

9

δ’.

l -

 

477714 777114 771714 .

