488484 64 4664464 644464 464664 446464 46466664
· v 6444666644 644644 444444 666444 Ι644644 66
. · 666446 646646 444446 464446. 444446 66644
. 99 444649 999649 996649 8446496666696649 96964

,, ,,,,·969 94992, 999946 694446 949946 494946

, Ξ] Ι96866 Ι ,969668Ι 946661 944661 ,944661 ’94966
,’ , ἕ 6984867486 6994984484 4669489684 4649964884 4649646684 4699899444

· 464464 446464 446664 6666664664 644664

, 44 4646 644464 444464 664464 444464 6
, 99 646864 866664 4666666464 ’ 446464 466664
«6 96 744966 964966 464966 944966 964966

. ’ 4 844464 4996664464 469664 424801 669664 447888
’46 464464 666464 466464 464664 464464 6644464
· 99 4986647669 ¹ 468469 469869 649969 896669 13¹·

⁷ 94 · 449946 946446 946946 794746 994966 64741

99 ·494649 944649 649649 844649 4649699649 44888

46 ’.446446 464446 464646 446446 644446 44444
, 55 444447 ⁶158‘49 8496444649694649 486644 541
98 99646 949969 949964 446964 984969 6446
. 59 887886 869686 4667644984 · 6494684 484684 74884
· ,66 744666 944666 449666 949666 987666

ww*-

. 41 4949446999649944 649944 ’999944 696444 552321
. , 66 444644 664444 464444 4466 446644 6848οςς

. 64 6444644464 664464 464464 646464 444664 46478

. · 444446 464646 446646 444446 444646 ²⁴⁰⁴

69 ’648469 6994449 694449 8996494648466449 38788

· ·. 66 444446 444646 446446 444446 666446 486468
. 446884 844649 848449 4644666449 969489 688888

· 6 444464 444664 446664 664664 464464 88484
= · 884686 898964 868644764 466968 946964 44448
76 778908 446466 ........¹........⁴4⁹⁰⁶.......... ³⁶⁸⁹⁰⁰................--·- 644966 878488

m*

94 8986444998644844 ’ 247041W 471241 715441 974841

46 466444 644444 444644 444444 464444 2⁶350⁸²³

, Ι44 6444666664 646464 4446464 644464 466464· ¹⁸5¹¹

. , 74 469996 348676 999496 778496 4649649696 44784
·· , ,99 469649 ’496649 699649 886649 449649 49888

, Ιχ464446 446446 444446.
Ι44 464664, 644464 444464
» 44 646464 748484 464644
6 99 694644 898444 4 6694469444 250041¹
7. 46 444466 466466 6664661 446466

 

