11 940001 94000 04000 ’ .ι470“01· 044001 940700

ι 0000004700 0000060760 0400048084 8040000464 8048840084 ⁶5454⁶55⁶
0. 44007004 249824 696964 ·''9⁶¹9²4· 666866] 75572
0 0600089 400480· 48448019984048801010400989 04088
4,- 099006 607078.ΙΙ 40480 000408 448478 894840008

171· 087007 804007 660’00’ 078]0”07 400007 70008
06 8874407008 8074444708 840008 048006 ·604408 04400
40 5⁶45⁶4 4040808804408080 047780 000480 04478
10 004044 000044 448944 8090404044· ’084444 8800

779900 767700 ·415544 8 087700 8908070000 8714707890
ιο11’··008000 7760001 6040001 ³ 47 000 760000, 46800

70 18877ἶο6080 944480 790680 ’066086 749080 45748
52 704464 8870070864 980064 849664] 778664 64646
001. 404840 044440 8894480840 8014408440 040440 80784
041 680876 709676 ·14778476 0·07076 490900607 6 8948004874
971 86900 6980087 1470071Ψ406607 7970407 24402

961 8874077006 886408 707606 60480( 494006· 4032153¹
001 4474408870404840 044440 700840· ⁶44005 704441
58¹ 477604 067004 8800000804 980404 870004 780604
55 621804 047060οι 700400 8541174'204 8970060000 970860

11 044441 040441Ι 048441 ΙΙ 0444 mj 00444 074441

0 9949060000 9068090000 3997040000 9006000000 9007000000 9044000000·
749000 1 079400 009600.. 099800 .090000 000000
788444 488844 440444 080844 080004 004444

3 707609· 678009 608809 779409 770009 780609

4 908806 .84784⁶ 1798446 069006 760008 770806

7 7070006007 896907708··0 988949 989941 909949 960007

’ 01· 007076 008476 0979077676 9007048876 9006040076 9047070078
7 484440 ’,447840 080440 888840 084440 044449
5 ,677664 , 60706.. 776864 708464 700064 770664
9 ’.880860 794600 -746480 708080 700080 700700
00 59510525004 9840001 976000 9⁰⁸¹⁰⁰ffl⁰¹⁰⁰ 900000

80 244324 897917158169898897189908097666 4100709000 0 90760004 00
42 404044 342544 Ι040044, 487044 000000 292544
·840080. 774080 .7·44080 400780 474080 400000
698996 744796 6949 667196 860496 670996

7 904447 884440 ”,,8704471 070007 760000

Mna-*u

06 80700874 6 8974418166 6899971196 9989947996 9008040076 9047077476
17 776689 700089 263'48 ,076889 070089 047689
00 080044 499144 -444144 448044 444744 480904
, ’777060 ..688980 640760 606760 600760 604000
944400 8784001 8700001 806400 8004001 8444oe

 

