9 Q 449111 4144411144441494449 49444 ’ ’

μοι-..-

nmmum... 1

*²¹ 17148611641 7171414841 7889170041 7996944944 9994748441 9949999144
411 141114, 994114 9441149919119994 911414 449494 ·
414 4194141119 941419 414419 1999194919194919 999499.
114491 941141 411991 494491 1419914944114941
99969919899449699 889699 699699 ’499699 969699 ·

2⁶¹ 5⁶787⁶l- 91414114441141191ι 199441 11141 44914

14
19

99 949449 489999 999999 9998944999 896919 699499
11 911414 194914 419914 119114 914414 944414
19 4144199141 194441 991141 919141· 4911111141 941141
944911 44191114944191911

801 99694948739419991 968999

941 4944641 4999641 946964 999914 948964 999464
99 694494 969894 9894494994 9999999694 ι 699944 94949 ¹·
33 ’898689 949989 991889Ι608078489 879989 694689 „
941 419941 411941 449441 ’1919419919144191 119991-

QQ 100111 044114 4941191 ’944499994194999-Ι
’1611 8404967874077691 894896 649996 ’4999961 996496

444 914919 1491199191111419 414919 414419 414419
41 199144 491144 191144 914144 419444 919144

 

99 899494 649494 9699949949449994 ’949994 964994 -

4ο 98999496991. 989699 949699. 323600Q1600 939600 Ι

m*-

411 996884 969984 9999841 901481 ’199681 9946119881Ι
411 4141144494141414 911914 149914 449414 941444
49 411449 ,910149 4194141149 149149 194149 444449
44 444491 494441 1919914911199191 199941 199491
49 9419444 144919 444114 114114149191111141 444449

46 78684499461 841916 611716 191916 190186Ι7947009916
49 9991999896999999· 989499 968899 968999 ¹87⁶09.
49 469994 999994 9671041 746704 846804 809904
49 149111 9191114194144111 914111 414411 944944 ,

822500 909900 99999999494999991 999999 944ςο0

.- ..ffl- *mn-*uanum

 

9114199149114 914414 144914
99 444419 9149199119 149119
44 441911 1414114194149411 114944 444744
55 .7090251' 450025-*211025 992025 793025 ’ἔρως

.- -mm “ht—nm

91 111491 114441 911444
99119869

{g . 94494, 949414 919411,41,4144

4ο 4994494 49411141911991101 111110 119111 44144
mmmm-&mm

696499
844446

’ 436899 999499

999894 949994 9999941 989494199999896941, 900801

· 458304¹ 191414 4941194114

 

