ι...7747-77-7-77--ᾕῃζ-ςυι7771 777777-7--777777 ’7747717 22⁰9

41147082050812718683881 7779777477 1777776777 7777779477 7767776677
41 769764 “ 777164 116714 664964 169764 777764
947 477144 171447 771677 · 717647 161147 766147
74 ,477776 774746 47777 177477 ·777776 777776

{fl 697771779777777 77777;1.99977ῌ7777 ,77777

m

467 776776 ’· 777776 67777677477777767 1777976776777777
477 776167 469667 s ,747667 777467 67776’ 177 ¹
³48 994304 417904 ,7777041 717104 791704 7917
14917777797977 7777779 977777 777777 797677 997477
*2⁰ 777777 677777 7777767777 777777 777777777 777977

ὶ71 776677 776777 767777 677777 777777 677777
771 410704 871104 271504 731904 ,111304 711704
1777 714169 977467 1776667 116669, 717167 717767
7411 611916 1710079716 476716 941716 411176 977977
,5 Ι 777777 774777 [77777777777467777- 77777777767777777

-ς-ιῐι-*μὲ-ῃιι--ΗΗΙ-ι-υ-σ-υ--ι--ι--μ-*ω

776 ἰ 717176 147776 ¹· 677776 , 1767767 · 671976 797777
77 977147 771647Ἰ , 774647· 177449 776747 ’177179
79 1710677764 476964 777764 769164 · 941764 ·- 747777
77 779477 767777 7797777777 764877Ι 946697 448481
⁶0 ’747676 6676777Δ 777677 769679 7777777677 7776777

67 Ι9177777 769977 Ι777777 Ι’6777771 ’776777 677777
71 4717 77144 , ’717644 -« 777644 ’161444 · 7677441
92...-

67 777767 67 767- 411767 . ,777767 766767· 777979
,6677967777777796 777676 · 997776 777796 9777964

764477 7777777 1 677777 1741697177 77611771761677777

uum—nunu* -ι--υ- *Qun-*um

Ξ66 ·767776 171776 · 774776 ·’,177ἓ767 6ἓὲ176 774774
77 η,7777 777 7477 7777. 777 ,7777
767 176761 , 6647611771647761 . 711161 777761 477777
'70 794976 · 7679661 177966 - 6799977777777977 67777

77 979777 777777 Ι,777447 7776771 777747 777777
7²⁸ 497174 917714 701914 - 876764 -710714 777774Ἰ
77 797717 ,1711611917 466719 771119 417717 977779
74 761476 - 116176 7776761747677776 ,

77 , 707617 - 614617 · 143617 617617 „ ¹33235

7 ‚ 1 · 776771 177776

77 7777777979 770119 177719 . Ι746919
777777 . 474774 746464 ’ 446674

· , 777641 1774647441 771141

 

