1

ι , , „ 7 .
Η 970001 97000 Ι· 970000 97900 f 640οὛ979000
0· 9400097700 9440099900 9499700000 947900400979490040900 9909040740

90 9409090944 494044 090044 999044
99Ι 10099090· 040909 9400090009 999709 9499090969 ·

949009 400009 909009

090990 07479094000979901· 0000909909004990
1960000409 mm} 009009, 990009 000009 909409

⁷ ' 996694 [609094 469669604 79749419796990994 ,0794694 ' ·

⁶⁸ 690760 6047691 Ι’976769 799969
794969 9449696996

,009900 709760

76 470996 Ι 996969

, ...un—m

7οΙ 779040 009040 04744079400000040 999940 9906096990

⁷² 979004 , 997994 ,940904 900904 ,ῑ 790704 0990 .,

979 9409967909 7999099460676799 969909 Ι969709 , ’496669
969476 766976 979976 697676 9769969676 667476
’ 799697 966697 409697 996697 977697 66960

70 749770 4496497Πο070 9490999970 970970 9900979770
77 949909 ’909909 004709 -000009 709909 070909
69404996964Ι4 7696649469069064, 474664 969464 466064

9 970949“ 776649 967647 669649 9799977449 6699490
’ 906400 666406 696466 664469 979466 996469]

69 709769 9444946767 · 9999699499979969 747999 9790679769
00 904704 940004 797904 099904 740904 ’· 040704.
69 9407966669 060069 990999 440669 969069 4496697
04 909090 ’7090909404070090 Ι049490 9909090090 999999 a
0

5 497666 964666 671666 · mm 3²5²²5 -636667

999 - 090990 9449009990 909790 949409099οη 9000909909607999
07 00990 900909 700909 007709 709009 000949
90 9400079744ι 907944 . 9949440 400944 900044 4099 7
69 979907 769700 9469949709 697999 9764997909 99099 .
999 ·469966 996966 · 944996 ,699966 999996 mmo

999 ,690099 9446996499 799999 9479666690“ ,499969 9904669060
790 990404 094904 799004 099994 ,09000 099404
99 9407090049 479049, 907049 990449 009049 999049
ι94 044990 079090 9400000490 790090 9909000090 «799999,
97 49969 ,666997 997609 766907 977907 76499·

969 6990969447969496 799696 496969 479996 mn&
’ 976669 7669999966977669 -66760069970746 ¹
9496609664 479994 996964 ’ 97649 967 ³

γ99 · 097699 649099 9467697469 967969 9766677660 ,764 -

''ssw
333

 

, 466966 964966 ,’

