ww! 6030οΙ 00400 777991 666661 66766 ’

0 125440000 667696666 66996666 6 96696666 694966666 69679666
ι 466466 766666 976766 679666 979666 969466
6 mh* ’777004 1600076οἧ 090004 ’666404 966804,

3.. 967669 ,797769 667469 969669 669669 966669
969666Ι ·' 0512161 946666 696766 979666
674669, 969699 676669 69766766 ..

· 9967761 777976 699469 97946]
7 796649 ’ 669649 · 466949 744449 966749
669664 646464 494664
9 646676· 669676 49767 768687 666676
66 664666 966666 677666 476666 796666 664666

t} 067696ιὶ 997766 666966 969666 69966 647966

746664 9774 .

796944 v 966744 477744 646644 767644 - 679944
776769 977969 466669 ··,779669 Ι676769 ,694769
767796 000996796 479696 774697 974996 667796
776669 ’669669 66669 999669 967669 646669

797696 696796 969696 ,667696 9964961 66469
646979 974479 947779 647479 964679 ,677979
097604 7770704 664704 77904 · 70070
· 669766 999966 677966 adon& 994966

646466 · 466466 766466 ’664466 997466 ,3

666946 479446 777446 947646 776746 ³
677674 466674 796474 676774 4696
469749 474949 779649 994649 44774
6 474976 697776· 796779 667776 464676
466646 679646 766646 649946 476646

747676
’ 67776 ·
”474

967746 ·
949999
667766 6969966
’ 699644 977944 797444
769479 699666679 966679
776766 977666
769946 Ι966446 ,777446
694796 774996 4979496 796496
, 747769 794969 666769 469769 ’
’669444 747744 746444 446944,

976966Γ 676766 647966 466966.
999666 779666 676666 ’

 

