1170000 Ι 77700 77800 79977 ι 749005 444

47 7408809707 7447077907 74704007007477788707 4879947οι 770700
77· 7479077704 787704 749904 770704 477747704 907
871 784409 977789 ⁶97⁶845 40400 0900007709
74 777870 7444070070 847470 070070 449070 007
89 479779 776779 995425· 7847779- 59742'5 47

. *000790 777790 7479740990 900790 74779 70

8999499068777 876977 984977, 97777097 789977790487”
9ο 776700 964779 997777 520100‘ 358500 7700

90, 06048004477776899 879887

907744 008944· 470744· 004744 7489047744

777909 7077090 008709 7474070709 0777οἸ 77

97· 970864 2592545450027664}
00, 008049 406849 175444

44³ 5⁶5⁶4⁶ 97447 77970747070070
99 · 955025 7⁶2⁰25 471025 76707994947069679 0900

meum 849515 678876 μυώἯ

97· 047809 997009 700009· 455505· 707409 7
70 797004 7440744804- 974404 704004 ·
99 ,947697 , 7974979467767767 552004: 687867 477

ΙΙ auu—'W mma—auu* ’.ιθ-

’70000 5 747000 744000 74700 Α 744005

⁸'355050555209 9358052 806479ἶῖ 697669 6479669 97
44·· 2336155521084416 955215‘ 5445416i 796876-Ι 000

—ww——m'm

0 770470 787070 070870 7777044070 7700077070 000
7 078849 770749 4070494 097049 004449 7700
08 847064 678864· 9947464 447764ῚῚ 993664 7,
9 979687 877487 699787 997987Ι 967887 ,
ἰο 7707774797 9767601 848770 ·

mmm—⁴
51 2725215522124721 9969211 889777 867977 757
70 400944 077744 7777747744 9770078744, 970744 00
77ξ 709709 407909·- 094709 787709 ·
54. 777790 57⁶59⁶ 447790 7707907·
79 866779 779779 997779 489779*

54 55050146565 867896 747996 684796ξ* 947496 4008
'57 163089 5523415489 88988 7877897· 60966890 008
44 411424 70700477780707048 970704 847904 00·
,799 499967 973767 78796789970877670 999767 9008

&Q ι00400 7700044400 77080· ,

 

