ι 1 816001 81100,Ι 81100 81001 814001 81161

»mm-ow-

= 99 7118176441 7141184641 71616188417179679641 769674764171111414-·
·· ,44 740454 7444184 789184 849684 918684711461141·
3 916119 911119 919719 71166149197197611919 119111

«94 719908047671466914767164146176 114976. 119776 1114111

,11 116611 161611 466611 4116111 4966111 49411

ww
161 416676 4911761 471676 116176 661476 19411
17 196719 666419 641119 696919 771919 91711
11 766714 776914 111964 667114 949114791994171

’940841 946641 98144171816181417198114641 20 81
401717610690071471169007161191900 108900 1849001 4811611

wun-

31 170961 . 187161 414461 479161 411761441911

41 441614 417414 494814 116114- ,616614 79499·

44 611089 617689 664188 710889 797481649444
’ 94 ’111116 797916 194796 191116 961916 711666

41 Δ911111 9681111716160126171810611117199119111 146111

46 71411611967148148496 171696 141896 416696 417191
97 191969 961769 146169 4691 169 416969 171111
91 461444 479644 ’116644 174144 611144 74911

· ,49 641111 649411 687111 744911. 811711 916111

· ‚44 431935 166796 199116

191996 677196 77111

41 6110111 671011 710011 76901 848011 A

’46 616116 841316 816116 949716 7401011916 7474111111
17 991109 7119011669 7167011009 7114110401 119806 11116
41 7119161964 111964 111164 -11116 961764 9696

40 ¹ 861600 Ι819600 817606 911606 99460017417691
971681 -989881 7166018081 71840861817460164481 16111
7141141764 7149160164 198164 11696 -441464 4711
111648 33'0443 3690461 447641 866646 664111

,' .. 49 441461 411101 491061 411804

16 5025c0 1111661 161160 61111101 7011

671601 6918011 744061 794101 874401 9796

¹ 141764 169164 969164 969964 79616449647119146·
1117944011801 7111044469 7168074069 7181144609 111109 111
1“·81916 104716 144116 461416 186116 4161Ι
353025 474011 411011 476011 117011 61161

m

161 «111196 944996, 111196 646791 717996 16 ¹¹³
97 699149 744649 716649 117449 1791149 „aonam
11 169964 114664 916164 911164 7969661764 711611116

194719169 4117111111181171690976817666118881 ’146681 355³·

60 104600 1116061 167166 419660 411606 11161

 

