94660 94700 ,94800 94900 9900019970

,44 8441488644 8474467844 8444444444 4444446444 4448444444 44484414
- 22 944884 ,497484 47768490007860849479484484 79411
, 79 51212 446744 444844 874444 874444 8444
44 7”.44876 686476 444476 464776 464746 4774
v 25 790649 844644 7700491 744644 744647 76414

, ’ ¹² ῖ7ΐ9ῖ44797768974444476 ’474476 444446, 444676 7447.
. 77 , 469779 404979 8994799949 90777999499090790779 90497414
·, 48 448884, .848484’- 844484 844484 844784 8864

44 647644 ., 488444 484444 444444, 770744 9474
90 896900 774900 7489001 704900 700900 7764

3¹ 1911616161 961361 911168 894768 8909671 90774
94, 479474 9974797844 8999708444 9077084674 9097087044 90900977
88 444684 844484 447844 474484 474484, 4776
¹ 84 448446 484746 487446 464746 464476 4744
99 7894791 740449 677449 ,694749 697479 6670

*nu—*47¹*—

474446 444646 866846 844646 844446 74847

87 8446164764 8474444464 8444446464 4448488464 4484484864 44144481

, 98 997049 488644 446444 479844 447444 79947
89 140841 1176111 481811 418741 411411 41111

, 749600 667600 649600 609600 607600 67414

47 988887 897087 879487 791487 797687 80911

, ’ 47 9997708764 8976046964 8999004964 988964 987764 94970041
· ·48 447444 48 444 144644 4414178444 4488474844 44411

. 44 486786 444486 874886 868486 464486 4741
,“ 49 676049 679049

m 97 77411

· 46 869846 804976 76744·

- · 47 8448444644 444444 448444 4847047 484444 Ι44111
48 448804 8477188444 8446148144 9079744704 9094744904 90997941

49 499407 979007 944807 974607 477407 977444
90 644900 964400 944900 90490019079001 977944

97 874807 794007 778707 694497 694607 777111

, 97 8999007704 947904 907904 884804 884704 909441
99 790409 8978197009 8447097609 9076074409 9099074809 9094611411

1 ,94 ,1979776 ’940976 487976 864776 464976 411·11
- 44 4644441444444 471444 444444 ’448444 474111

’ ι96 7811886 Q&

644486 664786 644996 ’,049790 067841
5⁷ 947049 884444 8444144 884844 888444 111111
¹58 8964486464 8474478464144144446444474447644486448864444444811
99 976387 468087 449887 477687 874487 798111
4 444 00

497600 ,47960οῙ 407600 ’409600 4111

 

