ΙΙ 69499 Ι 69499, 696οοΙ 69499Ι 69699Ι 691996.. · ’

21 444444444414699469444 4747469644 4764944744 4774944964Τ466994644ι
44 414964 99946 44499· 15m44875111844488908⁶08
444949 444449 964444 446449 444949 444949·
694446 466446 494946· 496146 499946ῑ 664449 ·
44 999644 444644

777617 43964 494644

4.44ο46 64·9446 644944
644419, 699919 77794·
797784 747787 777187 ¹
44 976041. 471641 177641 4964449444 4671964441 4649964044 · . 2
,49 444999 449999 · 46999 · 444999 449999 494999 · ·

441’ 66464 “, 4499641 4464999 444464 466476’ 747978 ’ ι’

66444 444674 50824429 4848'24

⁶⁶4 644499 044699ῇ·’ 644764 .

·’ 679777 77077ό 774470 ,464446
¹ 449444 4694476444 48490354251 949444 mm

,46ΙΙ 4Ι9946Ι 444446 44444 467949909671449669464 4944 996
94 496469 944964 944449 444419 496464 194
49 444944 499444 444944 949644 946444 328 ,
4, 444444 644444 449944 ·· 46114 464944 469944
944699 694699- 749600 67609 644699Ι ·

W 949694 469444 9ο4994ἻῖἦῖὟῑῑ4ῖ, ·«,

4² 49447449469994644449999464 446464 9944( ·. ,

43 999444 449949 444444 496409694441 47944644 892043249
44 ·467678 964946 ’496446 ²²558⁶ ·
245 696944 494944 446944 “ ¹

96 446946 646446 464446·
887607 787107 , ’ ·
Ξ94944944494, 444494 646704 789704 747404 444494
46469414694969494 994491 707001 664694 464464 ς·

7017991 2025002-511225'0048650688005487902450014493004500A,, .

TW* 441401 444694, ,κη-Ἴ 494906 ,464494
Ιι 469494Ι 480794 401104 744494 494999.
79 717007 644699 449499 464999 ,444699

Ἰ876116 746996 649446 649446 -581886 '3
777017 776944 649047 7699444 444944 mous

-uu--m *νειμ-*ιι*- m-nmm -v-v-—S-r

4644494996 4949994496 9499961 999446 966496 944 46
44 444649 476444 4644944649 4966999449 4649996444 494944
49 449464 914964 496914 4464 4 4494 464694444464
77 774694 474464 776081 718081 477664. 47466·ἰ
69 694699 446699 444699 477600 449699 494699

4 w Ι

 

