——u--u-h--n--q—-u

0 ’333746666 3418961166 3473641666 5
ι 7 186461 ’,1936661 666861 197661 337667161 737461
, ; · 111164 981194 653604 134964 114494 7141
1 3 379199 9439198119 799499 391999 ’191999 819199
· ¹425416 976416 747111 438616 148816 ¹ 879616
471613 113613 734613 483613 196613 917613

’ . ” 8 611164 161864 984464 828084 337664 669164
’ ’ ’617681 8119481 981181, 673681 384881 Ι111611
16 764166 336169 3481118166 7161664 431366 164166

*m *m ..ιι-...ι’

’- ., 77 ’, 736311 461711 674911 767111 479311 111311
1 11 1· 996944 449344 111944 814144 316344 138944 ·
141169 491969 111369 111169 178769 116169
· 7119796 141196 ’ 111196 99119.6 .619911 111796
; 111 916111 119111 161117 955225 1111134

‚ , Ὕ931636 633836 ’369636 555002‘258 -715458
Ξ379119119 681119 111119 149189 761681 ’496119
171114 719114 4⁰2724 196114 819914· 141114
111961 771761 149161 141161 117161 191961 .
ὁἭκω-383466 811466 4964664196466 964466 638466

181184 911664 199184 184414 991184 711114
197719 961119 616919 111119 111146119 719711

·42

‘1 ” 14 114176 144611976 681776 178376 493376 111176

· ’ 13 499611 919618 7311613 425625 146613 873613

, s 48 ··447676 ¹ 1611764 777476 472676 187876Ι 943676 4
’.97’ 493529 148929 824329 519729 235129 978529

s' ’ ’ 7444 ῖι4141 869641Ἤ 141141 117441 911641 681141

’ ε ι 78 33 39484 195584 371114 166784 111184 ’161917984
ᾗ . 29 4444441, 141141 9'18941 613841 319641 663441
, 404479664188966 964966 6669664 376966 111966

‘· 31 ἰ 179361 333361349611761 767961 414161 166361
’ 31 713814 ,381114 998614 791914 471414 197814
Ι 13¹'7722893 418889 16348 9 802089 ,318689 133189

114 111716 471116 114116 849116 Ι161916 3⁰2756
’ 35 8631131 311113 199113 896713 613113 336113

911494 161196 J 146996 941196 669496 197619’
971169 611169 > 191969 996161 ’ x707765· 441169
73441664644 661144 , 88984 1541137444 75504'4 ’491644
051441, 768911· 386711 684311 .· 861311 -346111

697666 733666 849666, ,387666

 

