Ι 998691 99999 97999 99799 999991 99996

..ἢ

anamma-m
89 9988876767 999996996919699768969 9679494767 9699749967 4849997987
84 -777744 664944 976764 ’797664 849694 199979.
99 4789679689 466689 479879 »699479 747979, 977479
84 ’787496 ,968996 979996 897-8969699949696 „5454
99· 989999 479999 677999 994999 799979 478999

ἮἮ 776696 *7797966646666796 479796- ’
87 486769, 674769 ·' 888969 768969 ’ 986869 -

8 588544 776144 ’ 966744 666644 458944
8⁹· 690321 8777776696687966 -868746 7667466 ,
99 799799 Ι989799 9887786 486860 664799 8

*W

99· 89988719698989989 999987 ’998487 766687 9647994889
94 ’997664 784664 894464 646864 869464 ,677664
98 6790097449 · 486649 4946 748649 978649 846448

· 799996 988996 J 996896 847686 4686674496 949996
999 997999 ’499999 699999 998999 7777979 446949

96 = 499876 999996 897776 9697999476, 979676“’ 948898
97 764669 694669 967469 694869 ’986669 676667

‘ ⁴⁶9⁶404 ¹ 7966644696667664 . 4874 484864 774466
99 798997 898997 ·9ο7897. 887699 987497 897497

ΙΙ 7ΜΤἮΞἾἛΜ

0 9649969999 9699999999 966996 9679899 9689949999 9499499997
ἰ ’9649669897 999997 οίῧζῖι ΜἿ 949699 *³ ’7998477

4 ,667664 476664 766464 4679696864 447464 · 977664
9 968499 999999 869699 996999 · 999899 ’999499
4 979976 669976 979896 ,999676 694476 9694999976
5 474025 767697 4668676647 467667 779999 779999

Μ

6 976896 868696 6794868 776486 867696 *nm*
7 679649 976649 486449 9669849 967469 996649
8 , 784464 4679674664 987664 767464 6684667974 449467
9 889987 ’ 977989 488889 899687 ἱ979497 ..4464997
99 988999 989999 999799 994999 976999 6497774

7719649999999 989797 699999 9674997997 Ι 9797977 7971999
¹² 198744 486744 798684 186944 468844 889746
69486 . 786969 979766
997796 ,6997964687667796
’ 794667 667464

496769 ’989669 966769
64 . 999996 694696466466499
99 999999 17199999 998999 449999

-α

96Ι 699996 ,898996 999496 . 944696 897896 97999
»ὓ 797889 ,9694997989 994689 648989 9689999489 Ι974881

69

98 879794 ,994994 4¹7924 753524 κ ¹
:gzozssgff‘ffiss -32’70223 ‘·}{‡4¹‹⁶>‹¹>“·“⁸*⁵⁴⁹·⁶³ ...467747 ..

 

