mmm

18 38600· 38117001'318'008 319'001 3949001ῃὲ . Ι
;1114669699764 4646694964 44464994641644744964 4649496964 4699646761 ,-

949644 099924 466964 949944 494744 6944444
944499 449669 444699 944469 444449 444449

4
44 444446 444646 449446 946446 444646 949946
94 949444 466444 644444

96 4664664996 949796 746996 464496 944996 999996

669969 449969 796769 469469 979969 4696664969 ’
94 449444 446949, 944444 444444 649444 664444
99 494744 946944 969944 496444 7699411 :gagg s·

961’ 46466 664466 974466 9664661 76946

4649646449 447449 974444; , ·

94 ”““”449494 ammo& ,·

2 994964 731284 699664 499664 996464 944964,

94 44·6449 ’494946 464449 552049 966449 449449·
94 ’.969696 999446 447496 646696 4696644996 4996969

99 979649 944649 ’494649 696649 699649 9496493Ι .”

66, 696446 999646 994946 744646 499446 9944464
’97 699999 4644649469 449669 969669 447464· 6469694Ι

'98 769464 444964 494464 874004 286606 ⁷¹¹²043- Ι

99 646664 446464 446464 946664 444964, 444664 -

w ·

11- 944661 949661 944661 949661 94666 1 94766 , , ,

1 964464 994664 944964 949664 949464 9994641
969964 449464 Ὴ99664 996664 996464 4469644 “

644469 444969 944469 444669 944669 4464694
697646 949446 4696649446 946646 4669646946 994646

2

6114496946666 4649496666 4649766666 4696496666 4664766666 4669496666

3
ξ 464649 649649 694649 979649 696649 647649ι
6

1 JWW 646696 4Μ1
7

⁸4 449694 974464 444484 ’ 649694 946994 949694·

498 494466 996466 469466 966466 444466 944466

0

’496449 444449 444649 464649 446449 4444491,
999464 966964 479464 776669 494664 9494694

numm—unfus, ¹

4 548521 4644666744 474944 969444 477944146766699441

12 644944 664444 4444444694646444 444444 6449441 ·“

44 644469 449969 666469 699469 667749 ¹403⁶9÷ -v

,14 444496 494496 664496 ’466496 644996 464796 4- ·· ’.

[15 966449 499449 794449 · 449449 799449 474449
46 '‘7870'656 *W

17 949699 499469 964999 949499 9696991 464699

88 999524 453124 926724 420324 933924 467949 ,.
;94047664964, 444464 994464 449964· 999161'2342941-

449466 994466 4694696466 9964661664664466 99840016 Ι·

849

, Κ

 

