” 311 96466 1 96966 1 96666 1 96966 1 968661 943·

· · 41 9366666481 331616468193394816613338811681 9398199911933933,
. 42 9393633364 339964 696164 3333614364 399314·
931143 550545 869443 168649 366643 ’9
443136 941936 9346661936 461336 9994499 3555
6336131 ’339613 136613 3316131 3346131

' 48 836936 9393336336 449336 9889369999347931· .
47 9352023309 393169 649669 983669 341405 5³

· 48 939964 916364 6333649366193364 ’383194 31
’,49 '4‘09601 769463 9343699663 369663 938863 93993·
6025008 902500 Μῷηςοο 363966 9493661 3

93 9311193661461 413661 9399913339939941 ,

, 9-88364 388964 669364 949504 309305 4
’3319363161169 461613 1614693361143669 99999 .,

34 374116 694916 993916 ’339339 999349· ,4939

. . ·33 369613 861 6199141189613 530025 8910258 3

·36ψ9399369313661131 11333993919349361 -.;,
57 931349 134149 393643· 919649 196443 6,

389364143164 449364 9693649361116364 491164 13
-59 3 38685 646481 9639831 364683 669883 946394
⁶088 53s⁶⁶⁰ 833⁶009843¹55⁶⁰0 4⁶7⁶0Q9600 34

„ ⁶18 7245215324026721, 348921 69339319386699433Ὕ1118
8⁶2 918464Ι ²198 ·'542²44 ’884644 949644 63
63 9363116369 411969 73 3639313699399 449999 55

⁶0⁶⁰9⁶ ’918898 , 193696 944496 946333

28 8888888 ’3969349144199399 ³⁶⁸²²QAE⁸³²¹8 '¹²³‘

w
66 ⁶8915⁶ 99136 315556 ⁶5875695555021956 45¹
57 8816399163183413 366183 839189 113639 3681
93 9366693614 398614 761114 3364643864 469414 55³3,
‘ . 89 ,969963 371,761 8955⁶1 139363 663363 9181
466966 76496089848088900 481966 796336689493117818
97“,’“””1 9933343 938643 181143 939443 996993 39118
72 846984931611-1131 671161161398433841843148 5⁶⁷8
93 9369639919 3411313 66919 61199 ,378NJ125 11311

941 131696 339496 3993994 ,99099 „127⁶ ⁹8⁶8.-
758 4936991 716616914663 6258 “Qs 7⁶5⁶250485w5·

⁶1557⁶5 913996 148996 394196 339336 ³⁴8⁹
8113193319116313 441313 9899133339393439 33111
9368664434 3166134 633684 6983984 346884 75288
¹97441 363141 8196411916 63948431 346643 5²⁶8

86 4, ,3364661 696419 3349611466 3⁶5400 75450555'051558¹

 

