”“33“””7600 3 7700 3 7 00 3 7900 3 9000

413 98384881 79917031 61481191 67099431 64677681
41 416164 111464
43 419449 994049
4161163 9694163

446614 114614

“ 461716 60000716 779716 ’ 178916 778116
476609 ,016009 777409 174309 ¹ 774109

491904 031904 991164 170704 770904
707101 047001 , 406301 136601 736401

711700 061700 611700 101700 ,9017007

71 - 777901 4 0730013
’91 993104 093904 093904 134304 834704
77 763409 1090093 ,639609 ²5⁰209 370309
74 737716 114716 637716 , 166116 366916
99 999019 140019

701017 191017 8870173

9100
66177891

416164 614164. 611164 111164
1116413 111141 611141 161441
411116 161116 114116 ,114116
744017 117017’ 711017 741017

141116
111611
, 111914
. 406101
411700·

*Ἣ mann-...w

673101 118401 313601 ·

438801
499104
471409 ’
487716
904019

Μ

619641 111641 111441 111141

.‚ · 644164 111464 141161 411164
. 660131 101091 767831 747631
677600 117600 7796003 761600

41 ww 416116

937481

9 7600

414141 416641
411464 141164

769191
797600

mund-*m* ..ι-...κῇ

41 116144 141644 111644 111444 114144 611144
61 111161 164161 716161 41116164611161 614461

ΤἾ16111 114111 114111 111411 411113 611911

, ¹ 64 ’ 776396 179696 941496 417196 01309

670396

1474111114 1141141141114 441111 014117 047117

-.na-m mnu-...m

161146 111146 1111463 4411163 010770
111111 116111 111611 4110113 070119

7 717761 777761 911161 704961 103761
’ ’ 3139003 771900 976900 710900 114900
344141 789441 971641 7769413 141041
111414 411114 161114 4411143 111114

798114 941814 9094143 489014 6916143 716114

114111 411119 114111 461111 111111
· ¹ 116116 411116 111316 414616 111416
*907617 470617 61017617 600617’ 107617

73 910976 466176 071776

,73 ¹ 976719 491719 0471193 671719 177919
. {9 3 967041 711941 073641 664441 170141
93

141614 411114 061114 641411 174017
111466 4114663 091400 010700 114100 912400

611446
611111

111461 1
749900

767141

797919Ι
81417 6
3 870617

6Μ16776 1117763 840971

863329

996041

 

