96990 1 969001 989001 964001 96900

¹*- mmmm—u*-

’ 69 7996949969 7949667691799694969 6996469969 699967969 6946876669

9 ,66 598724 225124 871524 537924 ,224324 930724

969469 996069 994660

94 7999961 997996 994696 6994961 999996 997949996
994999 6000499991 706999

“’ 85 7⁶7²²5 ...---.-..„....... 999999 909999

. Γ 999996 499996 997796 76499ΓἾ46Ῐ66Ἶ9996
97 979969 996969 994969 999769 999969 996969
99 999744 969944 999944 979944 966944 9797
69 999999 699799 967999 999999 699999 999999
90 79904690016769001 994900 999909 660900 996990

91 ’ 904969 799469 460669 606046669 797069 449969
991 111111 799964 497964 999664 794964 999464

99 694686 969966 967669

99 949949 499949 969449 999949 99964
4 979696 909696 990496 999996 906096 696696

99 999099 696099 6070991 9760991 969099 674099
96 999996 799094496 669696 999696 699099096 799996
97 449409 070609 790909 999609 079009 766409

99 497694 997994 776994 446494 996994 949694
99 999999 999699 999409 999999 999009 909909

11 99600 1 967001 966001 96900 1 990001 99900

ι*

0 6976697000 6996949060 6994400099 6999900049 6949000000 6466909900

“ 9 9999097909 747409 497609 967609 096009 966909

9 , 974494 994994 999994 999694 996994 996494

9 999609 669909 699609 969409 974009 964609

’ 4 966696 999696 670496 449996 999096 6447049696

, ‘9 946099 977099 796099 499099 990099 909099

6 99999 944994496 799696 996996 949996 ‘''1'5‘9'2'33
969449 999949 949949 ⁶14⁶49 496949 997449
4976691 949964 900664 ,679464 464064 979664

’6 474669 ,906669 996469 790969 999069 999669

,¹0 999900 96490016900969001 766900 960900 999909

*un-t·-

. ·58⁹32¹ ³²152¹ 073721 ·⁸4592¹ 666999 490999
646944 979944 999944 ,999744 696944 909944
· “ 496969 999969 969969 794969 909999
499796 946996 696099996 699996 694996

Ι 999999 994999 977999 9799991

mma-.-

606696 969696 9 99096 996996
666069 499469 999669 966969
99 969694 749994 477994 999794 9499994994
9 699047969 760969 994769 906969 909969
90 904400 696400 9994001 9664001 960400

 

