7 4474466437 447776463714447677737 4474367637 4467779737 4437697437

0 737364 637764 776764 494764 377964· 737364

· 647747 776747. 777447 647647 776647. 767647
3677364473763936 477736 7677364463776336 499736 ,

‚4 ' 777677 776647 777677 774677 6-77677

746776 Wffiffimnm*

777764 777764 ’6777644437634764- , '
’,σὼ-469600 77467 4447677767 479667 777767 7677671 , ·

667766 997966 , 777766. 7677661 9777661 307700

70 737467 449 96376671 373367 696667 69676767 436467 ’
77 063764 9767764 477764 779764 779964 776364Ι
73 1460 667769 367369 mm*⁴⁴ 96366916, 373669 364769

4.“ 774776. 474776 777776 76676746
77 ,767679 763677 339677 736677

76 777776 7647764447674776 ,767776 7747764477467777
7 777647 374747 777647 477647
ἔξ, ⁴55754' 767764 737774 67676464
6

7936374430766437 477737 764037 70777337 767637

74477664777 366737 633977 97637777ί 393377 777777
7 777444 477344· 777744. 764644 747644 · 967444 .
67 776767 677767 777767 777767 666767 647767

477376 33374 -Ι ³
776677 774777.- ,ι

677447 ’77747 . ,
774764 77764 ·

937666 733666 797666 397666 779666 647666 ’

64 463796 766696· ” 33796 437676 374476 1777776 -

67 796777 399777· , 777777 367773 ,976603 300003

¹ 777776 677776977064776 447776
, 433339, 377737. 797639 779639
647744, 767674 777474 777677

= 7777647476677764
,777966 777766 776766 766766

¹ 7677747 366447 736647 v
77ι 776734 777434 777774 477774 764774 · .
0 663777 364367 733979 633777 93377 ,
4τ 777676 1²057475

747 ,
4· 9 3 4554'41 7637436446069041 434841 600040 mm
’.6 9944691 396466ῑ 777466 7634661344Οο 300·

,ἱ,,,,,

70. ..460966067οῑ 303776 6339766469064070 399670. 764670,

 

447767 746947· ’

476777 777747 467777 777777 776777 - “
676674 777674 767774 6769744436677474· ,

