s ’9499 ·ς990’4··[4’91700 hmo& .†“'5'8906 ·Ῑ“““99”000 Ῑ ’998088
. 89 9490488848 9448498844 8489989644, 8474684444 8488478444 8499494646
, Ι88 998884,,,,’4784,84.84,69947684 - 604064 ,996484 · 449468
89. ,Ι 894889 ·.. 890749 449849 ,. 949949, 744949 949448
“l 778876 .’. 998476 ,464976 8474987776 894976 647994,

²5 ’ 90625 , ⁶256252. 380625 ’8996891 950625 765⁶&

mm

Η 89 9497007876 749976 Ι’498476 “ 47847619484968676 88949
, 47 889889 860989 ιχ649989 994889 8867899496008884
’48 444884 · 977984 , 788984 969484 864784 4499

. 49 ζ. 899644 8449999444. 894444 647944 444844 49869
99 476969 444996 998966 744996 949999 896499

98 788484 447384 804884 μ980684 777084 9994
89 ,848689 969489 8448898478698489 8999898- 744648

84 949996 ’684796 ·, 489996 446896 9489949496 89999,

88843806862ωξ8-’867228 334225 688449 ⁹4⁸²¹2)

86 489496 ’947696 674896 4946969 ’4498994949909944
87 497769 ,9496999469 794969 969969 ³⁶73} 884948

’98 ’9948681 9909689946808“696Ῐ“””“8’6“8ἶῖἷῖῗ-”ἷ9ῂ8’9’ἶ”8“““”499699ἱ

88 449944 494644 940444 688844 489 ,898644
99 998988 870888 9468087988 809788, 609988 488984
4ο, ⁶⁴⁹⁶02... 999οΗ9600 949696 744 989660ι
44 766884 969984 , 448984 9474944484 899684 697884
44 884464 988964 ,886964 499964 Ι997764 87646
4888489994449 ,749649 498649 477449 9466099849 89444
44 448796 897986 ’ 646996 899486 4989868498088789
149 986949 979949 784949 9489891 “ 312025} 131025

49 , 99988619498098986 - 898786 -1 690986 4908869 949986
47 -·470609 460009 969409 748809 948409 9
'48 ,587904 3275043463087104¹ 866704 666304 ἢ

49 709808 449008 804808 984608 794408 999808

gab-Q 968900 322500 9479808900 902500 7225}

, 94 9449697494, 797994 Ι997994 Ι998994 488794 989408
99 ’474499 949469 679699 496499, 496899 8499977474

94 4947468494994946, 798846 , 974446 874946 49996

99 409089 890089 988089 698089 499089 984084ι

96 986996 867996 9464088796 889996 , 688896 498998·
97 648649 889949 446449 ··947849 749449 9πῖ
884

989 999808 = 680001 440808 8804889487080608 840864

98 769964 994964 4644648476949764, 847864 0889·
99 878898 6800988Ι 988888 869688 , 969488 777

60 9996001 797600 499600 ’8886009488089600 ,9096

 

