m

ἸΙλ 99 0οΙ 847009 99866 Ι 9496619 966661 96466,

481164466473764 9444949964 3¹²²⁶⁸⁶¹⁶¹l3¹1387236113145078561 ³¹5⁶³⁰4⁷⁶¹ ,
t 7978169 9849449 4967449

144 414444 644444
483 996419 743019

84 767896 8446969449644496 468496
84 849449 9664499 499449 946449 947449

μ1”6’4““”“4”4’6’4’664444644446 4464ἶό6Ι“““’”4”4“4ἶ4’6““”““””ν

447444,
96968 964889

444646

4 4444646414 ⁶4¹85⁶

794119
699996 866996
87131010419649 189469 996769 · 9444699 7949699 ,978969 ·

16 193344 ’300844 461444 6461444 8637444197091944
89 , 464744 ι 444444 2 986944 768444 979944 .· 469744 ’

9 9764669 9994446 694466 ,886466

9446688466

444414 ’ ”

946466 ., N

’94 414444 644644 ’ 464444 „zoam ,

91 998864 747464 9496644494464664 944464, 946864

193 710149 8988493114647449 446649 444649 699449 ,

94 844696 976496 499496 948646 ,946136- 769636

9914 934019441146846-49-,4-94649 , 446649 6496499 . 878649 .

969166044416 499646 964846· 994646 764446 996446
97 199609 309109 474609 ,664649 8794699498464849

498 467464 446864 986464 776664 989664 444464 , υ,

94 478601 948464 698464 8886619447697864 947664

4ἾΓ66466 Ι 96966 ...If-4⁰⁰¹ 56500 &EQ-1* Qq-
1 6 9498446666 9469696666 ’9486964666 9494496666 9469966666“4444896666
41 991401 8646649484674864 . 969664 679464 9449664464
41 664804 914104 489664 476664 786464 446864

;4 4444644446644164 441464 414664 144664 440469

44 889646 446446 444446 7646469464644846 949646
4 4444664644 444644 444644 144644 446644 ’444644 .

mm-

6Ι ῖῖ4446

w

W 646446 944446 444446 446446

9944 446446 441444 7446444-494641646 444444 684144 .

19 444464 446164 464464· 444664 4646644 464464

444 444644 Ι464414 444444 ‘ 464644 474444 446444 ’
910 464100 ffl3182088100 ’ 986109 694466 9446644466
449 6769449 948711 466944 494111 809411 1479114
44 4144444474644444 444444 ·““666444 444444 446444
44 464464 444664 446464 4464644444444464 464464
14 1160644446 -466446 ,444466 Ι444446 444446 444466

,491 446449· ’379114 ..694449 Δ944119 198149 991444 - ’

:PK-Ham 441846”“““7’64646’””ἷῖἶ4”6”41446 1444446 704696

ki} ¹ 4488 4848 3884 888 4848ῗὲ9
944 444464 ,1444644414464464 444464 4444644444644464

04

μ’·

 

944466 ,446466 444466 144466 441466 J

