21
22

44
64
’ 49 4
46

67
48

6

7

464

·· 99

461
44Τ
Ι’ ⁴2

3

49·

unu-*¹¹¹¹*—
47
46
49
. <0

5¹U

‘5²

53
54

. 99

59Ξὶ
J ι 9 4 9

444676 799476 444476 469476 444676

Η 46666 Ι 467661Ι 16800 Ι 46966 47666 Ι 47466

476477644 4797944445 4449466445 446746444 449744444 497449644

494644 746464 464447
667949 764746 477449
464776 446776 474776

979664
489647749
646976

’494664 649444
444649 696749
497476 694676
496649 749649

mmmm-Q
497669 796969 647969 969469 518729‘ 999999 ² ’ ⁸
4964444 449944 444944 997464 994764 4644444
747644 979444, 447444 794644 696844

776966 494966 448966 644966 666646966

99οἷἷῖῖὀηῂ960ἷῖἷῖαη””ἶῖἷ9ἷῖἶύα“ἶῖἶῖἷῖ5 . 674964”““““979Ῐῖἶ,

746444
999669 349889
4744646776 744996
666447 447447

664644
746469
766776
794669

644444 969644
676647

669996
744949

447646 559689 7
697690 979990 ³
494449 664447

anunm-m

776496 697696 450896  744696 447496 644496·
779769 447469 484969 864969 479769 676769·
444644 666644 446444 ’499644 494444 744944
776744 494444 774944 949744 747744 747744
97496669 147660 694600 964666 764666 679666 · “

996464 494664 644904 4674444466 449764 444464
949449 446649 ,666649 669449 464449 664449

4776444746 464946 ’746446 699446 497946 9467466

676647 769649 744649 477647 774647 9446479

679746 444746
444667, 464009 646409 466469 . 666469 4946496

849604

499964 644764 644464 694969

747746 466946’ 76644 w9855
699904 ι

449464 749664 888804 468664 664464 644464

444766 664900 944466. 7ο4766·, ’764766 . 4447664 ·

&ML W*—
477464 796664 976464Υ . 776464 776664 476464
449464 649764
744469 667669
777746 696746
749647 776647

mmm

4223361 , 4 909990 907 . ‚,-
499644 797649. 4964497ι 949644,. 944 1 201.
477964 476764 694464 9744464 9796, .·. 4,

484647669 464799 464679 447469
097446 444446. 474946 479746
096066 4749469 669949 6694οω69 .

667694 ·4946694 ,ὲ

 

6866479 479649 976647 467647 ·

464644 7· ’ · Ι
4666664 ’

686064 909 54²4 ' ·

989904' · 370304 770704 -191124 .

