11 64666 1 64966 1 64466 1 64966 1 64666 1 64966

m

η1 666696646 669996646 667969646 666699446 669799646 666767646
n mnu 1mss4 wmu Suss4 ww vwss4 .
, . 69 699769 64696 666666969 969969 866169 766769

64 966676 676976 696776 946976 666976 996696

691 9966691 6696691 6666691 9796691 8976761 866668 ’ , ’

1 661 679676 794776 669476 6666646761 969676 999676 7
, 67 407669 666969 696969 699769 949669 994969ΙΙ

68 466964 7696964 667664 666994 976964 969964’
, 691 464447 966646 696646 696646 664667646 949446

69Η 4969661 946966 664966 666966 6969661 976966 .

unu—“m— uun—-a-n·

661 666667· 977966 699966 6499661. 666666 667666966

661 649874 466664 666664 679664
661 678689 464889 966469 666669
641 777767 476667 947667 797767
6611 6666661 496669 9696691 666669 669669 666669

768 Γἶ6ἶἶἶἶ1”““ἶῖἶῖἶῖ’“”“ἷῖῐῖὂῑ““”“797797 777497 749797

696464 066864
664669 666689

766967 797767

671 797777 649679 477979 674679 747779 - 779779
767747 677744 446744 666444 777744 776744
749666 666966 464776 966966 966966 696666
77766 699666 969666 4666661 969666 669666

677767 774766 646467 447767 666877 697767
764674 696944 996964 469964 966774 677674
869649 766649 666649 498849 477449 866649
4 677967 447767 676667

’ 6677761· 477779 479776

986666 969966 7 444966
677779 676779 694779 474779
47 777776674 · 744674 676974 ἲ676674 ’ ·
’ 694666 679466 ,999666 999666
’ · βοόιςοο 966966 · 766966 · 6769661 966966 ,

vm*-

Ἁ696666 996666 796676 696666 ’ 9966667 ,

‘ 52 1 6699 999994 - 766774 666664 666964

99 446669 666666669 · 769669 766469 · 696669 ,

, 94 ’ 696966 697966 966666 666966 799766 666966

’ 99 6696691 666669 947669 649669 769669 766669 .

971 766667 7947671 976767 777767 797697 769667 ἣ

57 2⁶2045 776449 669674649 977749 777749 779749

67 77767 767774 766774 966974 767974 796674

99 969666 666666 666666 964466 886281· 828085
1- 949666·· 669669 696666· 999666 969666 69766

 

