mm

·.·21' 44884646 44646646 numa 47466646 48799846 66644646
· 22 ’8646844 679484 66446 478884 76466 667664 x
. . 3²3 667464· 666466 676466 466466 764766 666464
· “ «44 666676 66477 444476 464476 746676 666676 ·
3 25 949644 494644 499644 .

, ἑ46 944476 447476 =
' ⁴⁷ 949969 669969 964666 446469 774449 949969 ’
64 664484 444484 446764 446484 747984 644484
99 977646 699046 948846 864644 899444 946444
4661 4666661 464666 466666 474999 8120
476764 474 64 449767

488644 4846441 994444
'²0⁰489 -397080

444666

, 444466 ⁶ ,ὁ 1

’ mm fimf 394499 486666
484699 484699 699669 697666 494699

444 &ymni 494484 'muz' 744884

Tmou 467464 46476
646646 466646
444446 331¹ 46

egsu- 464664

*mm-‘’Ma—

Ι474746 4444661 444666 77444

mm 54:025

. · . 487499 466899 466499 1784666
64 666664 478464 476464· 767794
449 449894 399694 499494
49 944499 4944961 694499

Ἣ

’ 444494 444494 644994

644464 466464 944764

647664 446666 644496
,44944 649946 874746
4464944] 664944 8849441

 

