'll 49000 49700 498961 49999 99999 99999 ’

d—-u--S-——v
9191464998889 9494967989 9484999989 9494999489 9994999689 9994999889
9 99896 966964 994964 999964 999764 999964
49 4676446 966646 964646 969446 969646 966446
, 5²⁶⁷5⁶ 4⁶555⁶ 464696 469696 466696 446796
4911 69899 969999 994999 999999 9999991111ὑ 999999

’461 799996 664996 699796 699996 699996, 699996
47 894699 764999 799499 799899- 799999 799699

9999946 869994 8999 899994 89999
9489999999 969999 999899 999699 999499 999999

'9 999999 9479969999191489989999 9499999999 999999999919898999999 , ,

50 mm*

51 99ι8991 969999 999999 999499 999699 999899
552 3²¹¹04. 969994 999994 999994. 999794 1 ,
,79 499499 9699996 999699 999999 999899, '52340'9¹¹

545 999796, 469996 499996 4999969 469996Ι 499796
,9911 66 699994 969999» 999999 999999 999997 . ’994999

17989961 6999961 699796 699996 699996 694996 1
57 669646 996646 746446 769646 769646 794616
355 6666646, 89696 996664 969764 869964 864664
9199 9466996989 998989 999889 999689

μ’*115600’47ω57000048899900016496999699 ww ΜΨ

9996999699 9996997699

966666 499666 499466 401296 464666 866666
699999 999999 998999 999997 994999 997999

44
9,

891 994999119979991.999999 999999 999799 999999
69 994944 996644 999944 999444· 999844 9969
’,6911 469966 996666 966766 966966 mhi?

8. 799996 694796 699996 699996 694996 697996
197 899889 764086 7676891. 701085 764489· 707009 ’
9 666464 999994 969444 866664 964694· 999464·
59 9467999969 999969 997969 999969 994769 998969
7ο 998999 9477999999 9487996999 9497999999 9997664996 9997998949 .

, 998949 999449 996649 999849 999949 9919949· 1
9 997984 999984 996984 9999794 9999849 999784 ·
Μ mi 996946 966666 ³007²9 969966 5²55²

194 996976 499976, ’ 400070 405476. 48007

5 699699 9996911111-1191119119199 999699 969169Μ11161119

1178111794976 699976 69887 8991911711 699776 6969761

 

8949991749799 796648 70052 766969·Ι 731329

118ι 9996844 849984 8948841. 866484 8669841189968 5
91114468999949 648849 994649 999449 99169491999491 1
8ο 999466144780484919 9488994499, 9498999499 9998996499 9 ι 999499 ’9

5

 

896664, ’ .

