ΙῊ ΙΙ ’81808 Ι 88860 Ι 948-ι-Ι-Μ 94466 Ι 94666 Ι 95700 ¹

..anabuns-uum

147 14676444 4799646966444 9464944444 9444646644 9447466444 9944999644
ΙΝ 69878618Ι64 9996646· 4 9169474964Ἇ478766
ι74 44 787 44 466744· ”·ῑ464844 474444 477644,
47444 4784446 8447746 644146 444746 474446

646644 669674 748074] 847644 966644 946 7464674

86ΙΙ 866476Ι 849746 988946 9449648446 9448447476 , 496446
471 447669 469 7646464 4776774864 774764 447664 484664
148 9674484464 444464 446764
49 874664· 474864 444664 644464 744464 874664
905 464466 644466 764466 864466 944466 946866446 ’

441 744664 849464 894464Ι 9936019149113501· 444664 ’
’47 444464 4647664464 4777684464 4746784764 464764 444464·
44 4644744664 744664 744764 474864 946464 647664
94 944946 ,884816 ·466746 466946

44464 576625 657625 ,748 8644Ι 879644 9469646644

4611 7644468 766746 8474461’· 4447464746676446,“· 777446
471 846649 44744464446444449714746744· 767644”8 464644
4674686464 4644744764 774764 44716 447464· 444464
477687 888887 446684“ 444887 644281 786681

48
Ι1421· 467666 529660 644666· 7496668 .835600 9776 66
44 658121 746444 86494-4. 964744 9444646944 9476469444 ’

167 848644 477644 4444449497644844 444444 469644
64 46746447644644767466 4774784464 786464 464464 447764

392764 860664’ -

’476464” 444464 1678184 1

87746 848846 μ

⁶4 229⁶9⁶ ²9249⁶ 874796 478696. 666896 ·748696 - .’
65. 446444 484444Ι 466474· 669444· 79484414 994444 ¹ -

864489 864689 848889 9788987489 9447774889 948489 “
681 447874 4644644474 4774744674

69 9676484464» 446464 749964Ι 9ΙΞ

444767 44746 466467

477966 486966 446966 644966Ι 74896 894966 ·

444474 9696664774 4774644774 748474 477464 ·467474
44 4677744676 744876 784676 484476 474776 ·644676
474674 446674 474674 486674 76467· 846674 . .

71 563441 647644 744844 816644 ..946741 9878684446 “
99 744484 878484 477784 4744667784 4744747484 774484
ζξΙαη-.,

766774 777774 847474 467474 4844688474 87447779
78 867484 967884 9446648484 9188744684 889684
4647744647 744447 Ι·-·’444747· 477647
344400 430400 486466 664866 86846

wi* ““’““””’4

799078687844
60 278400

i95141759 444994 446474· 771776 2969769173042146 Ψ

 

444644 866444 469844 “

