, 1 ι mmm

817 687846841“698797641 698669841 703363441Tbnmffl
²² 593284 847684 168684 416484 776884 . 6

87 647789 966789 174989 469789 784889 188719 ¹
14·698176 978976 887776 768776 877776 178176
8777 776687 697667687. 886667 777667 890625 867687

ΜΗ..

7867 867676 678876 777476 668676 949976 679676
877 877789 816989 786789 681789 997889 ’778769
²8 666 ,mnu Ι48614 ·
89 966448 816641 498648
767 6886189667 868966 - 844966

788761 897768 ¹ * · ’
nnn 666 666 666
486888 768488 764866668 8164997κμω 681919 · ’,

., 666 666· 666· 7666 7666
·, 677887 778787 869887 866667 423223 766887

. 8666 Ἴωῳ υὟῄ- ,
8811169 687869 914969 818869 789769 867869
amm 666 666 666 „wa mmm ·
487181 748981 6 99686768 788761 ⁶3⁶3²¹ 974977 ,
467 ”ww 666 666 666 666766966,

412 ’,396688 848881 886688 484681-· 748881 681681 “
666 666 666 mn ·666 twa
6668 6668 8668 118848·849448·88849Ι ·
66666666 666 .666· wau uun .
866687 059025 881687 637018 W-u-223325- 897687Ι

967669 164469
987804 217104
689616661 869868

¹ 881816 111716 796916,· 696116
767 668766 786766

5⁶ 666 666 666 866
w 4668 6668 8666 8669 7669 966
6 666 66676666 666 666 „aa
89 535031 796881 978681 986481 ’· 768881 716044083
66 787666 849666 878666 477666 755600 ⁰37600'

Μ

 

