m

9 9949949069 9949690999 9649466669 9969949969 9979996699 9994699996
9,.4469 -996669, 9666969- 4479999979967999 79749
0 ·490 04 0940909004 779004 404004 074404 90400
9 699009 009009 880909 970099 000009060400000
4 1664696 496496 497996 676996 466696 99469
4 779994 ΔΗΕ9490649994994- 764994 496994 99799

6·, 67649 99964 999946 999646 664946 44444
7 · 994049· 090049 907049 999049 700449Ι 44094
6964999996 749664 , 4944649664996964 ,997664 44996.
96 997699 649469 499999 ,994969 994669
997 4949969 9469994 696999 49999 9674049999

006 ‚‘ 400700 0840060700 764900 407100 9494099 67949
Ι 94 496444 994944 940744 ,994044 040944 97090
09 009909 079909 990909 040009 999709099900090
04 709790 -9009900099099990 746090 400990 09979·
ij-Jshzzsk 499994 9699949 944994 469994 , 469994

0οΙ 940090 999090 009090 9000909 ’074490 · 400090
097 0990049099 700499 9799996904009069· 790009. 90000

999904 609904 400704 070904. 669904» . 694400
. 969969 994769 4994690 994469 947969, 74996
ἱ994 666409406990004007 0904001, 990409 9674964499 · ffl

m

499 474640. 009090 609040 4974099 999649 ’949640
’99 469994 944694 999994 6044464 3 96664 0666644999
09 mm 3423292854016929 709499 496999 969794

794070γ 446970 009476 999976 444476- 669974

,266 900009 999609 090009 ’909094 649694 474694

-ιυ-υιιιι-α-νη-α,

{2⁶ 9994007070 000070 9474700009090070 74797· 499090
797ω 004909 700909 444909 049709 099009 990909
99 . 999494 979994 990004 040704. 9009 097900
699 496449 960040 646049 9446499976669649 944449

ἷ90 4909969644669999 ⁷⁶4⁹⁰Qm⁶9⁶4ffl

31 999900. 099900 Ι970700 467999Ι ,994999999769699
Γ49 644964 469994 979694 674694 ,499494 997994
999 790099 4096690696069499 799999 ’499697 ’944944
»³⁴ 096790 909990 090990 .- 999946 664744 449744
749 . 969009 699699 099009 ’ ’476994 794994 446974

...κιαι-’Μ

{3⁶ 2334071096 799996 496996 9666964996 ’ 6 · 997060
,47 976969 699909 900909 ’ 000909 9077οι0 ''s'‘fflfl'
38 284644 . Ι99927409 61984„ 317444}57722ffl δῖἷὲᾒῖ

991 ,9499999949649999 796799 444499
’949699Ι 967664

6 χ497666 9446697 644699 449666

 

