-ι-ι-ι--ι ρ-ὀιιιι-ι-

11 66100 Ι Δ,76600 1, 66400 1 77600 Qec> 1.. 666661 . =

019999646666 9979696666 9996766666 6666696666 6666766666 6697696666 ’

6 994466 444666 · 964666

6 9966646964 790164 9996669664 966664 6666676464Ι 66666
969669 , 799669 2144091 717009 2476091 776209

’ 477616 908416 779116 170016 986666 966666

’,ῃ-,011016 6960006016 664116 0191016916 660016η91911119
6 · 766496 6676961 6661961 6666961 696696 666496

401001 016101 441401·

6 910149 661149 · 646049 666040 140449 667640
8 9966679664 966664 996464 496664 6669666664 999664
9 669666 666466 9996699666 049666 696666 666666
461 964666 · 696666 966666 , 866666 966666 644666

num-‘wunn— anm-w...-

11 996966 996766 466966 999666 467966 999966
11 Ι091944 6966146644 0166440001110144 0116446699794944
16 146609 190909 761600 106109 ,666609 610600 ·
14 6901001700 464690 616600 4 410190 ·, 961900 40660
69 1 6966691 66966919999666669 979669 6664666669 666669

..............-.................. 1464601 660060

966696 769696 , 697696 796696

469689 968469 996889 889669 998669 996689
669964 9976679664 946764 6669646964 , Δ999964 6646667964
779966 667766 766966 699966
966469 966466 696466 996460Ἰ 804400 698400

W
66 9969666646 997646 9994666646 969446 6669669646 ’ 999641
66 697664 696664 666664 666484 674664 769666
69 . 996769 646919 916969 “ 669919 996669 ·664769
64 946676 7979000976 477776 970776 489976 6646666676
ις 746964 666016 060016 0010116016 0400161 166016

ψ

..........-.....--.----
101 166060 610160 616460 110060 609976 997976
1616904000619 404919 940619 466610 061119 466469
11 106914 0106146096096114 6006140010100964 641914
1 6164411 664141 160041 649641 646641 79744,

769666 646966

6
3111 472900 9669661 4649661 ⁹⁰⁰⁹92.....§J!22?' ..223229
961 66796699866899061 99976666666999661 9766616646666966
961 786864 . 696664 764664 666664 767464 ²⁶3824
331 996689 106669 669469 Δ966669 666619 469669
94 4969699796 947996 6990014660 611160 0016066960 664660
691 146116 ...E-²²²⁵ 1691161 ⁶⁷⁶3& 196116

-.ιιι-ιιι- aunan—w, ⁴

Ι6011 699090 160600 664000 161190 , 641490 647696
Ι66 664109 6011011600 461909 960609 9997696644946669 ·
61 766644 160144 046144 0011141444 0690441 190044
99 669666 966966 796766 690911 664966 996666
46 99666676661 4790601 971660 471600 969606 967666

mmm

86 ’ ·

..-

 

