*ιι-

¹ . 17 497777741 4117476411417617141 411111441 417117641 417777641
7 77 · 979714 917614 ’011014 111414 1166114 401114

7 17 · 999719 477614717 676717 177717 761717 , 441717ι
14 467616776 66477 177776. 174776· 747776 474776

77 979677 797677 110611 171011 1906111 111011

mh·-

υ ’16 997976 746176 111471 716676 477676Ι 767676
’ , 77 777779 , Ι 716979 767779 777779 477779 - 691779
11 171764 117714 ·767114 771764 714764 647714
,- 19 777447 ’761747 744947 479147 777647 697447
99 777999 791999 714999 419999 796999 ¹ 777999
*mvn-W

‚ · 77 797767 749767“ 477767 777967 671767 774767
4 ¹ 71 777614 776114 466614 767614 677414 777614
7 77 ,774167 479777 767417 664977 716667 777167

74 414776, 471776 746776 647176 761776 697776

77 477777 777777 719777 616777 197777 949777

. 76 497696 777796 679996 777796 744496 977696

‘ ' 77 776167 777767 671767 766767 667767 479617167
76 776644 674144 777744 167444 · 717644 664644

’79 677777 674977 777777 179777 961177 796777

49 677699 777699 7976999 -197699 476999699 747699

ww

41 776764 776764 777764 777764 997774 779497
7 . 777647 , 177647 711147 477974647 177447 171647
44 617776 Ι677776 777176 177776 174776 777776

49 169977 979977 991977 997947 7769771 777977

46 , 999776 979776 471971976 · 771776 777776 796776
47 941009 414000409 079609 179109 191609 491009
47 711764 641194 779794 116764 777764 477764
49 479977997 917197 767697 · 767497 717797 .777967
“ 791 967799 777799 797799 797799 477799 767769

ἷ37397“““”“767797 747497 747697 467197 694997

51

52 143504 797994 714794 764764 ’767194 647714

77 774667 144667 ⁴ 717167 417167 746467 667667

ι 44 774776 717776 766776 46697 717776 771776 ’

77 7679771 776977 497977 , 791977 679977 779677
79 767776 766776 447776 747176 679776 611776
77 746647 467447 477747 776147 777649 ’ 177647
77, 766764 447764 7177641 671764 771764 774764

59 477917 411117 779617 677417 794717 976917
⁶0ss 4676061 779699 , 677699 777699 177699 977699

 

