77999 1 77999 ·

wm-

21 6096998049 6079689949 60879764491699989064916998994949 69949

99 969684 898084 4994846909046884 689984 9
99 499999 999999 988999 999999
,94 974976 6979949776 744976 999976

99 790699 809699 909699 9996996999990699 899
886976 469476160880966761 679876 907076 969

897799 499
994976 698

161116097049999 697999 999799 898799 469999 6999997

' 997984 779984 968784 984984 699984 99
911111 999949 999049 994849 6904949649 776449 49
908900 6079084909 680900 996900 999900 99

'31 ⁶⁶4561 840766 896969 4999696990089969

323? 890994 996694 999094 609494 949894 99
99 979899 999489 698994998 769689 499989 699699
94 46998999996 798996 999996 999996 998796 99
9 9879991 864999 461225 6105078225 715225 19
196 449896 6074090096 697996 ’994496 879696 99
197 998969 97996 799969 9997696999998969 68
88· 784444 889844 988444 847044 8846441 84
99 909999 487799 6090089999 709999 949999 997
Ι ’40160990696901 6496001 9496001 899600*- 49760 6997999
Γ 999989 799489 997689 6906099889 694089 996
949 876964· 988864 888764 Ι74864 880964 468
'6³' 99649 6979999949 799849 998449 9679498 66

44· 688996· 9679961 869996 4847966999999996 ,9798
45¹ 8’44099 499099 6099099099 649099 98009999

· 461 999796 9789961 978996 797996 4969966998886
47169.99999499 794899 994999 999699 999999 68
91· 999994 899794 4999946997999994 749994 88

¹ 466809, 6076046609 646409 966909 906009 866
· 6999001 909900 809900 499900 6999069900 766

md

’· 99 778909· 898409 998699 978809 999009 w

69ἲ ’989994 9948946999994794 799994 9799646999891

99 6069089699 670909 979899 899409 999009 976

ι 94· 949996 896996 496996 6908047796 688996 788

. ’999 409099 989099 989099 904099 849099 5⁰⁶¹

..mm—...d
’9611 9967966977997996 799996 3603366124001536 898
971ξ 799449 999849 899949 996649 998949 66
58² 868864 449764 6698688864 679964 994964 8766
99 960’69099889 609689 907488 899989 479089 ⁶¹4⁰¹3¹fl
60 9796001 769600 969690’ 9896001 697600 666

 

