11 43000 43000 1 430001 43300 43400 43300
00 0030000440 0034400001000003434110330303040 3333333040 0334033440

²² ’330434 30003 141244 333034 430034 004434
03 333303 333003 003303 330303 330303 030303

04 0333004330 033330 30403 333373 343773 443973
400 330003 303003 40 00610οπ03363 330003 403003
091 0866711θο 880876 487076 343376 837476 933676 ,

03 30070 930009 378809 008909 904809 . 893709
38 408784 38004334 699984 315584 993384 686784
03 464340 000040 340440 400040 0330033040 333340
..ῃ-’1486906461 . 396966 343966 488906 364966 866966

3011000300 033000 303300 333300· 0407ῖο 343303
1111 7880044 89940, 3869008804 6633041 ’ 44863443893038634
88968 488889 693389 748889 43948 836689

303030 340330 033330 333330 300330 003030
44113893633339 608639 3693391 933639 999339 396339

3011 Μόᾚῌ 333030
411 1111214 300303 433003 033303 330303 430303
89 -888800 978800 633333 368933 946733 644433

461 44366613863699666 697666 35560018870336003'03160

4¹ ’.η-807680 143880 784683 443683 336483 838683
40 003304 030004 330304 303304 003304 303304
43 033343 303403 333003 003040 034043 330343

44 333330 4043300330043330 300333 330040 0330033333
ἐξῇ-’873634 493639 346639 789639 4⁶25-qu 16702

46 998336 9774361 436936 873736 884906 394336
47 1389 30442 664669 464669 963469 643869 443069

¹30304 749904 389504 0879049094 7087004 408894
149Ι 33 6463 846363 476663 349863 839663 939463
9611 463966 933966 963966 343966 963966 Qo

...a—md

9311 488663 3863668803 649663 4693631 989463 689663
931 4747644 699364 7 49964 499964 3688676464 776764
98 966869 383469 836669 483669 364369 869869
54 64693 367736 968936 969936 3903 36 9800936
88 788008 884008 998008 6880081 887008 0897088908

m· ..u—“mm-

301 303030 440330 0330030330 340330 403330 003030
303043 300043 033043 303443 300343 000043

330304 333304 034304 300004 333304 033304
14110884677483 69·9383 341081 3880663883 684683 480483

6011364666 789666 437666 689006 7736661 434666

24'

 

887044 304644 383344 839844 387444

