saw

33 “EQ-...⁰1 69977(Ἰ 66777( 66777 66777( 663774

*aff-rw*

944484 4777778884 743784 644

434684 74448
489779( 773

667744 844449 749476444( 444449
798476 777777 . 778776 787776 777777 zv
97464474746447644( - 444644( 44464 7977747 479477

*mannum-*mmm

(Ζ
ι7
44
25
46(477746ἶῖ76(’ 477476 484676 647876 4737- 84 n
47 87· ι989294(((3 3698Ζ 9 9 5⁶47 29 ,7864447 (438677 5: ς,

4134354404541 4744 57524333358772441 477·786644(4779477477 799449

78 ’ 379 8( 8977784( 69678( 9773 383 747984 ( (4,
49ῖ 7 477444 677444 848444 4377444644 787747 93
303 988977( 7 ⁶49003 ’967977 7 76977(- 4129003 667,

mf—d--Wm-m‚ffl

9(· 7779 967 8967644364497967 379767 ,545 367( 97·77
‚852224434702862433 779674( 44773791 6.778( , 534²·

9833891160489 87089 573686 ·810285·4400c5{

34:4334115556 .292356 942756 15555
747779 474479 677779 83877914387779779( ((·.

.ἱ(......-............-....,.,...,.......,.........,(................

3788967, 446446 743446 474496 447646 4644·
7444 64 687969 484769 4674444769 744469 777 444(
8 644444 849844 436 4747444 474944 474644 734474
9( 773977 997797, ‚¹49521 97367834. ’679777 86797,
7( 9996477 43484836771- 787677( 999677 -737677 9996773(

..a-d*

4 4474947484 444484 443684 637887( 477787994777737

489446 a 744976

2·· 468464 347764 744764 764464 4784777464 48446(
474444 747447(

767936 97696
477779 §som

7( ³ 744644 474444 677844 846449
4 ῃ( 437336 677736 87993 6 4878778736

964779(( 743779 977779 767779
.5⁶9 766( 87496648 68974446 , 793346 937976 ,797778
7(8 447444 4749446849 446444 444644 667447· 74444
7 ,3- 444444 478744 777344 , 777944 747764 44644444(
w3ss6wom sz1 ’ῃωω( όῳκι &mm ιηω,ι

(ζ’-’377977 477977 677977 8779779389767977 377977,

774444 474444 774644 944844.. 494444 44441
’(( 747964 666744 866744 4776487444 747464( 55534
72c 77.

8 647649 798209 998849 · 449449 464449
4 749316 937776 4363737976 397776 997976 399977(
5 881025 4397767779( 763779 484779 779779

...u-mm... 986777(

674777744776 443476 797436 676776 847476 44474777(

7( 444444 744844 747444 748644 494447 44744
476464 477764 674764 747764 4794744764 3541Q¹

9 - 447884 789684 794484 4777477484 447484 4777(

9( 939677 777677 973677( 749677( 387677 δξὶὶξεῇ

 

