mm 9119697449

990699 999699

, 197476 991676
. 9649141914099719
99 l 4999941 996784

191· ,491041 199141
904 964900 960900
99 699769
91 691614
99 769489
94 899996

917961
999914
469089
919196

99 999999 996999

961 966096
97 9199091969

, 98 999844
99 966799

49 900481 998689
41 967964 1119069764
49 414149 ’ 111849

44 991186·· 199986
49 969099 967099

694916 994116 9199099996
47 101 110609
44 j 917904

ςὲ 909900 60990
669609
796704’
809909
870996

” 999919,

91 969491
99 9999096904·
‘53 1⁰3²09
94 . 970996·

ι· 197919

’4491 904619 «1 10 449·
Anu 9716001 979600

'x [''

797444 5¹5044

889691 ² 989491 999909
999900 9999069900 822500

1190971641 9997119841
. 679114·

· · 940799
97997 ’ 908976
640699 979699

707876 449076
779119

5¹0529
877984
909641
976900·

649441

799900

9999044969 7803611,
111414 847814
978689 999999
149996 911796

999999 9999090999

79096 447769 119169 941969

*W
40 999600 ·· ἔξΐὲἒὲ, · 4446664 887666

’- 499011ι

796889“
784964 ’
891449
911791 ’ ,
996049·

999964
999949
697996
711919

960009
917994
999991

991644 9049090944

791996 “

9949860049 1990694949

999119 714919

1944061976 897771

990699 909699

899Ξὲ ,0984498
899984 904984
401949 977049
468900 944901
99 969 999769
604994 990694
679880 449444

799996 9169 91
897119 984999

874996 190091
719969
7-17144

899711
999604

977911
9496 00

999189 999489
180964 9999099969
9416 49 917144
49 6996 99 4994
484619 969099
1716 990994
19499 998801
687194 46670
794869

98469
609904

m

994409 96900
999796 999996

984109 990009
497104 ·- amq
699099

400099

9146099609

890909
997994

67640
78886
80610
87490
94909

0999966
969099

κωφὰ-ὼ...-

716991 ¹·- 467991

,79964 · 999049
609964

797600

“ 196449

-87ῧ ,

999796999900999
07784
14976

, 99968
881604

964964
481889
499600

 

